Controller Output Text File 
File Created on: 21/05/2019 15:28 
controller version: 1.1.0 
time, dcm0_0, dcm0_1, dcm0_2, dcm1_0, dcm1_1, dcm1_2, dcm2_0, dcm2_1, dcm2_2, acc_norm_f, pqr_f.x, pqr_f.y, pqr_f.z, Xg.x, Xg.y, Xg.z, Vg.x, Vg.y, Vg.z, Vb.x, Vb.y, Vb.z, Ag.x, Ag.y, Ag.z, Ab_f.x, Ab_f.y, Ab_f.z, rho, sph_f.v, sph_f.alpha, sph_f.beta, tether_force_b.vector_f.x, tether_force_b.vector_f.y, tether_force_b.vector_f.z, wind_g.vector.x, wind_g.vector.y, wind_g.vector.z, flaps[0], flaps[1], flaps[2], flaps[3], flaps[4], flaps[5], flaps[6], flaps[7], rotors[0], rotors[1], rotors[2], rotors[3], rotors[4], rotors[5], rotors[6], rotors[7]
0.0000,-0.8610,0.1192,0.4944,0.2349,-0.7690,0.5945,0.4511,0.6280,0.6341,0.1850,0.2520,0.2493,0.9806,-125.4898,-378.4509,-171.1077,-54.4957,5.0564,28.4869,61.6086,0.2451,-3.3413,0.9682,-0.1513,-0.0358,-0.8694,0.3225,0.3190,1.2250,56.0083,0.0311,-0.0621,2783.5047,-60600.9580,147563.7054,-7.6604,-6.4279,0.0000,-0.2316,-0.2316,0.0000,0.0000,0.0316,0.0316,0.2147,0.3840,208.9848,196.8255,196.1822,195.5572,210.3912,221.7397,221.7391,221.7392
0.0100,-0.8613,0.1148,0.4950,0.2398,-0.7670,0.5951,0.4480,0.6313,0.6331,0.6349,0.1774,0.7791,1285.2989,-126.0329,-378.4077,-170.8176,-53.5304,2.2600,31.1804,61.7981,3.9878,-2.8138,255.1937,-1073.3920,659.3171,-16.6841,1276.8873,-145.8553,1.2250,56.1404,0.0397,-0.1385,-22964.8629,-82500.7372,225070.1875,-7.6604,-6.4279,0.0000,-0.5236,-0.5236,0.0000,0.0000,0.1745,0.1745,0.2018,0.3840,219.9932,184.0495,181.5596,179.2169,184.0977,221.7391,221.7391,221.7399
0.0200,-0.8615,0.1049,0.4968,0.2501,-0.7639,0.5949,0.4419,0.6368,0.6319,0.2928,0.5089,0.1193,1447.9053,-126.5748,-378.4115,-170.5154,-55.4227,2.8403,27.5359,61.7246,0.3517,-5.2832,-362.3767,1056.4280,-921.4515,-34.7984,-1445.8116,-69.6240,1.2250,55.9049,-0.0147,-0.0976,-47083.4805,-65962.5084,211918.8798,-7.6604,-6.4279,0.0000,0.1745,0.1745,0.0000,0.0000,-0.5236,-0.5236,0.1357,-0.2456,200.2478,199.9573,199.6711,209.9738,221.7391,221.7391,221.7391,211.5121
0.0300,-0.8631,0.1035,0.4944,0.2492,-0.7641,0.5950,0.4393,0.6367,0.6337,-0.0548,0.0222,0.1248,280.8093,-127.1250,-378.3715,-170.2372,-53.7549,3.4219,30.1268,61.6421,1.9144,-2.3480,151.6625,78.4242,222.9394,-12.5565,110.5278,257.8368,1.2250,55.9405,0.0390,-0.1234,-65533.6097,-78447.2386,201354.0089,-7.6604,-6.4279,0.0000,-0.5236,-0.5236,0.0000,0.0000,0.1745,0.1745,0.1785,0.3840,221.7391,175.1520,174.6976,174.2462,170.4701,221.7392,221.7391,221.7391
0.0400,-0.8637,0.1078,0.4924,0.2448,-0.7642,0.5967,0.4406,0.6358,0.6337,-0.3091,-0.2440,-0.8821,151.1486,-127.6681,-378.3082,-169.9515,-54.6028,8.2992,27.6282,61.6576,-3.2216,-1.2752,3.1262,146.9814,-35.1082,-4.1387,-132.5131,72.5881,1.2250,56.4251,0.0564,-0.0222,-71329.1975,-77092.7817,178282.5253,-7.6604,-6.4279,0.0000,-0.1879,-0.1879,0.0000,0.0000,-0.0121,-0.0121,0.0307,-0.1053,199.8579,190.5003,193.0543,195.8026,211.5798,221.7391,221.7392,221.7409
0.0500,-0.8654,0.1171,0.4873,0.2344,-0.7648,0.6001,0.4429,0.6335,0.6344,-0.1351,-0.0716,-1.3752,280.6545,-128.2176,-378.2259,-169.6814,-55.7074,8.7098,25.4976,61.6513,-4.4202,-2.9800,-132.0804,-13.5048,-247.2637,-7.7653,-169.0152,-223.9208,1.2250,56.4605,0.0327,0.0186,-65850.5875,-61320.2796,146994.8389,-7.6604,-6.4279,0.0000,0.1745,0.1745,0.0000,0.0000,-0.5236,-0.5236,0.0255,-0.3840,191.6384,194.7461,198.4141,206.4538,221.7391,221.7392,221.7393,217.6779
0.0600,-0.8674,0.1247,0.4817,0.2246,-0.7658,0.6026,0.4440,0.6309,0.6362,-0.5405,-0.0801,-0.5666,183.0191,-128.7695,-378.1648,-169.4108,-54.4972,3.9032,28.8710,61.6658,2.1685,-3.3680,84.9119,-0.1807,162.1294,4.4295,116.9155,140.7379,1.2250,55.9817,0.0364,-0.0798,-57437.1033,-56174.3902,121363.5796,-7.6604,-6.4279,0.0000,-0.5236,-0.5236,0.0000,0.0000,0.1745,0.1745,0.1618,0.3840,220.9014,171.5106,173.6692,175.8765,167.8867,221.7391,221.7391,221.7393
0.0700,-0.8688,0.1355,0.4763,0.2114,-0.7683,0.6042,0.4478,0.6255,0.6389,-0.7895,-0.4336,-1.7890,627.9203,-129.3179,-378.0881,-169.1385,-55.2101,11.2337,25.5052,61.6358,-4.8909,-1.4035,-40.4115,566.3647,-268.1079,-15.8268,-605.6737,164.9023,1.2250,56.7751,0.0763,0.0716,-50754.7130,-48535.4553,109344.4947,-7.6604,-6.4279,0.0000,0.1745,0.1745,0.0000,0.0000,-0.5236,-0.5236,-0.0276,-0.3840,187.6893,191.8580,196.9475,202.8026,221.7391,221.7391,221.7402,221.7391
0.0800,-0.8698,0.1507,0.4698,0.1940,-0.7710,0.6066,0.4536,0.6187,0.6414,-0.6509,-0.4885,-1.2635,401.2543,-129.8660,-377.9825,-168.8752,-54.3827,9.1117,27.4644,61.5788,-0.9169,-1.4163,42.7624,-355.1805,181.7229,-5.3570,392.3676,-83.8093,1.2250,56.3803,0.0905,0.0360,-48659.1816,-58393.8488,114257.8674,-7.6604,-6.4279,0.0000,-0.5236,-0.5236,0.0000,0.0000,0.1745,0.1745,0.0987,0.3840,221.1288,155.1267,161.4119,167.6812,149.3132,221.7391,221.7394,221.7391
0.0900,-0.8705,0.1623,0.4646,0.1814,-0.7717,0.6095,0.4574,0.6149,0.6424,-0.3007,-0.2115,-1.3287,346.1799,-130.4140,-377.8962,-168.6070,-55.3713,9.0102,25.5695,61.5438,-1.4131,-3.3639,-115.7744,160.4085,-284.0879,-5.1611,-317.9542,-136.8176,1.2250,56.2890,0.0654,0.0700,-44424.4981,-48081.4740,118749.2023,-7.6604,-6.4279,0.0000,0.1745,0.1745,0.0000,0.0000,-0.5236,-0.5236,0.0117,-0.3840,192.4394,195.4569,198.9960,202.9911,221.7391,221.7391,221.7393,221.7391
0.1000,-0.8716,0.1714,0.4593,0.1714,-0.7712,0.6131,0.4593,0.6131,0.6427,-0.0175,-0.1727,-0.5886,492.9145,-130.9659,-377.8159,-168.3448,-54.7250,6.2941,27.7252,61.5105,2.7630,-3.4571,121.1018,-322.5650,352.4923,1.0632,485.6311,84.4155,1.2250,56.0857,0.0714,0.0157,-36149.4760,-45893.3695,116758.3368,-7.6604,-6.4279,0.0000,-0.5236,-0.5236,0.0000,0.0000,0.1745,0.1745,0.1524,0.3840,221.7391,163.7692,166.3214,168.9083,157.3539,221.7391,221.7391,221.7394
0.1100,-0.8714,0.1768,0.4576,0.1672,-0.7699,0.6159,0.4612,0.6132,0.6413,0.0785,-0.2612,-0.6562,513.1429,-131.5113,-377.7476,-168.0657,-54.6458,8.4129,27.1269,61.5192,1.0919,-2.6461,-61.4687,425.7079,-279.8393,0.7699,-510.3742,53.2284,1.2250,56.2471,0.0898,0.0551,-29791.7731,-43853.5189,126667.5061,-7.6604,-6.4279,0.0000,0.1745,0.1745,0.0000,0.0000,-0.5236,-0.5236,0.0177,-0.2792,194.4583,196.0955,197.8558,199.7297,221.7393,221.7391,221.7392,221.7397
0.1200,-0.8714,0.1823,0.4555,0.1633,-0.7678,0.6195,0.4627,0.6142,0.6393,0.3453,-0.1204,-0.2358,423.8791,-132.0588,-377.6639,-167.7963,-54.7054,7.1344,27.5179,61.5038,2.6395,-3.3360,14.1295,-382.8495,181.3838,0.5293,408.6339,-112.6566,1.2250,56.1640,0.0814,0.0371,-22692.5504,-53971.1925,147484.4177,-7.6604,-6.4279,0.0000,-0.5236,-0.5236,0.0000,0.0000,0.1745,0.1745,0.1666,0.3840,219.5364,173.2008,174.0881,174.9871,171.5986,221.7395,221.7391,221.7391
0.1300,-0.8714,0.1824,0.4554,0.1654,-0.7648,0.6227,0.4618,0.6180,0.6363,0.5693,0.1082,0.0321,193.8711,-132.6076,-377.6027,-167.5200,-55.1691,6.0518,27.1203,61.5291,3.1366,-4.4830,-60.9857,101.0416,-153.8094,1.5282,-183.1400,-63.5878,1.2250,56.1100,0.0605,0.0258,-12761.1516,-55946.5312,169665.9013,-7.6604,-6.4279,0.0000,-0.0764,-0.0764,0.0000,0.0000,-0.1236,-0.1236,0.0926,0.3840,210.2732,191.0787,190.9862,190.8954,202.8945,221.7395,221.7406,221.7391
0.1400,-0.8717,0.1802,0.4556,0.1696,-0.7614,0.6256,0.4596,0.6227,0.6332,0.6192,0.1537,0.4216,237.3329,-133.1585,-377.5457,-167.2459,-54.8609,4.8807,28.1813,61.5444,4.6082,-4.3326,59.5044,-152.1797,172.1263,-0.8622,233.6603,41.5812,1.2250,56.1244,0.0609,-0.0077,715.9383,-66793.7544,188814.7843,-7.6604,-6.4279,0.0000,-0.5236,-0.5236,0.0000,0.0000,0.1745,0.1745,0.2219,0.3840,221.6097,179.7641,178.3319,176.9403,176.3002,221.7391,221.7391,221.7392
0.1500,-0.8717,0.1762,0.4572,0.1757,-0.7587,0.6273,0.4574,0.6272,0.6304,0.4584,0.1503,0.2476,329.1971,-133.7069,-377.4928,-166.9650,-54.9948,6.3307,27.3768,61.5732,2.7080,-3.9257,-55.1966,253.5253,-202.6055,0.1431,-329.1418,6.0360,1.2250,56.1499,0.0645,0.0151,15816.9686,-66173.0926,201635.1097,-7.6604,-6.4279,0.0000,0.1745,0.1745,0.0000,0.0000,-0.5236,-0.5236,0.0734,0.0352,201.8117,201.1876,200.5815,199.9936,221.7391,221.7405,221.7391,221.7391
0.1600,-0.8722,0.1731,0.4575,0.1795,-0.7568,0.6285,0.4551,0.6303,0.6290,0.2933,0.2366,0.3229,153.3981,-134.2579,-377.4298,-166.6931,-55.1041,5.7612,27.3784,61.5844,2.9572,-4.2251,1.0840,-143.2657,54.8154,-0.6686,143.0742,-55.3199,1.2250,56.1164,0.0566,0.0033,29671.6535,-73450.2683,203504.7919,-7.6604,-6.4279,0.0000,-0.5236,-0.5236,0.0000,0.0000,0.1745,0.1745,0.2417,0.3840,213.5412,190.1645,189.2396,188.3431,198.6830,221.7398,221.7391,221.7392
0.1700,-0.8729,0.1695,0.4575,0.1827,-0.7560,0.6286,0.4524,0.6323,0.6289,0.1120,0.2860,0.0781,233.9123,-134.8103,-377.3717,-166.4221,-55.4731,6.4958,26.4035,61.6036,1.5544,-4.3810,-41.6138,178.0497,-145.8820,-0.2337,-233.9036,2.0059,1.2250,56.1268,0.0509,0.0210,39928.8930,-73352.8942,199677.1712,-7.6604,-6.4279,0.0000,0.1745,0.1745,0.0000,0.0000,-0.5236,-0.5236,0.0825,-0.1035,202.4125,202.2253,202.0399,201.8564,221.7392,221.7391,221.7391,221.7391
0.1800,-0.8740,0.1675,0.4561,0.1831,-0.7559,0.6285,0.4501,0.6328,0.6300,-0.0609,0.2193,0.0482,63.0495,-135.3642,-377.3062,-166.1567,-55.2506,6.4049,26.8636,61.6154,1.9250,-3.8920,26.9140,-10.5013,56.0411,0.2810,48.0893,40.7747,1.2250,56.1352,0.0585,0.0120,45364.0742,-78200.2449,190140.4802,-7.6604,-6.4279,0.0000,-0.3267,-0.3267,0.0000,0.0000,0.1267,0.1267,0.2084,0.2138,204.6696,197.7261,197.6032,197.4810,215.2829,221.7408,221.7391,221.7391
0.1900,-0.8750,0.1674,0.4542,0.1812,-0.7568,0.6280,0.4489,0.6318,0.6319,-0.2842,0.1377,-0.4121,298.1556,-135.9174,-377.2348,-165.8921,-55.5214,8.3405,25.6444,61.6268,-0.2649,-3.4485,-42.9513,239.7745,-171.9307,-0.3557,-297.2220,23.5743,1.2250,56.2709,0.0666,0.0531,45790.2626,-70911.0133,176595.5174,-7.6604,-6.4279,0.0000,0.1745,0.1745,0.0000,0.0000,-0.5236,-0.5236,0.0560,-0.3840,194.0961,195.1390,196.2302,207.0158,221.7392,221.7391,221.7391,212.2278
0.2000,-0.8764,0.1704,0.4505,0.1754,-0.7581,0.6280,0.4485,0.6294,0.6345,-0.3672,0.0871,-0.5098,43.0299,-136.4727,-377.1503,-165.6361,-55.4809,8.3451,25.7193,61.6302,0.0939,-3.3114,8.9402,-30.7776,28.7121,-0.1456,42.9348,2.8565,1.2250,56.2718,0.0723,0.0562,42350.4702,-70489.5118,162744.8837,-7.6604,-6.4279,0.0000,-0.5236,-0.5236,0.0000,0.0000,0.1745,0.1745,0.0862,0.2113,210.9967,186.2470,187.7891,189.3956,196.6666,221.7391,221.7391,221.7392
0.2100,-0.8777,0.1749,0.4461,0.1681,-0.7595,0.6284,0.4487,0.6265,0.6373,-0.4174,0.0211,-0.8448,206.4076,-137.0282,-377.0624,-165.3819,-55.6912,9.6826,24.7829,61.6309,-1.1400,-3.1284,-20.1009,172.2109,-111.9976,-2.2049,-204.5554,27.5019,1.2250,56.3976,0.0801,0.0907,37474.7024,-61900.5022,154238.8069,-7.6604,-6.4279,0.0000,0.1745,0.1745,0.0000,0.0000,-0.5002,-0.5002,0.0353,-0.3480,196.0894,198.0317,200.1853,202.5311,221.7397,221.7391,221.7392,221.7402
0.2200,-0.8790,0.1814,0.4410,0.1589,-0.7605,0.6296,0.4495,0.6235,0.6396,-0.3421,-0.0667,-0.8156,60.4559,-137.5840,-376.9658,-165.1320,-55.4588,9.5297,25.2665,61.6187,-0.1515,-2.8281,22.1571,-24.2482,50.7544,-1.4948,53.9175,27.3054,1.2250,56.3713,0.0915,0.0897,31398.2374,-62256.5617,149817.8337,-7.6604,-6.4279,0.0000,-0.5236,-0.5236,0.0000,0.0000,0.1745,0.1745,0.1261,0.0391,206.8610,185.0703,187.5972,190.2777,199.7830,221.7391,221.7392,221.7401
0.2300,-0.8799,0.1888,0.4360,0.1496,-0.7608,0.6315,0.4509,0.6209,0.6412,-0.3002,-0.1311,-1.0290,158.9679,-138.1388,-376.8662,-164.8817,-55.5742,10.7550,24.4838,61.6063,-1.0382,-2.6826,-13.6732,129.2751,-91.4975,-3.4543,-158.1798,15.4280,1.2250,56.4839,0.1011,0.1228,24699.8672,-56971.2799,151507.1193,-7.6604,-6.4279,0.0000,-0.2562,-0.2562,0.0000,0.0000,0.0562,0.0562,0.0090,-0.2655,198.3365,191.7205,194.6186,197.7846,213.9074,221.7391,221.7392,221.7391
0.2400,-0.8806,0.1969,0.4309,0.1402,-0.7605,0.6340,0.4526,0.6188,0.6421,-0.1615,-0.1635,-0.8470,97.1541,-138.6938,-376.7610,-164.6345,-55.4036,10.1764,25.0274,61.5794,0.3608,-2.7075,16.4680,-72.3833,62.6767,-1.7460,97.0948,2.9073,1.2250,56.4046,0.1077,0.1162,16713.0018,-61330.2836,156949.5617,-7.6604,-6.4279,0.0000,-0.5236,-0.5236,0.0000,0.0000,0.1745,0.1745,0.1908,-0.0624,202.5795,186.5220,189.1055,191.8620,205.4620,221.7391,221.7392,221.7405
0.2500,-0.8810,0.2043,0.4268,0.1324,-0.7595,0.6369,0.4542,0.6176,0.6421,-0.0656,-0.1809,-0.8709,78.1203,-139.2480,-376.6577,-164.3853,-55.4832,10.8108,24.5499,61.5655,0.0786,-2.7638,-5.6097,62.6768,-46.2918,-2.0096,-77.8287,6.4372,1.2250,56.4525,0.1135,0.1368,6951.6907,-59138.3047,166100.3419,-7.6604,-6.4279,0.0000,-0.5236,-0.5236,0.0000,0.0000,0.1745,0.1745,0.0385,0.0087,205.9497,183.4184,186.2021,189.1593,199.1001,221.7391,221.7392,221.7407
0.2600,-0.8811,0.2109,0.4233,0.1260,-0.7580,0.6399,0.4558,0.6172,0.6413,0.0699,-0.1809,-0.5648,115.1278,-139.8019,-376.5538,-164.1362,-55.3147,9.9416,25.2950,61.5419,1.6797,-2.8577,13.8130,-88.4490,72.3905,-0.1782,115.1124,-1.8716,1.2250,56.3802,0.1168,0.1217,-4725.5040,-66076.6521,175157.9923,-7.6604,-6.4279,0.0000,-0.5236,-0.5236,0.0000,0.0000,0.1745,0.1745,0.1952,0.1996,207.5092,182.2463,184.0939,186.0139,196.5516,221.7410,221.7391,221.7395
0.2700,-0.8810,0.2159,0.4211,0.1219,-0.7562,0.6428,0.4572,0.6177,0.6399,0.1378,-0.1577,-0.5271,52.3273,-140.3555,-376.4534,-163.8843,-55.4315,10.4062,24.8423,61.5399,1.3401,-3.0200,-9.5309,34.6507,-38.0346,-0.1391,-51.8163,-7.2936,1.2250,56.4145,0.1184,0.1369,-18198.8748,-66286.8788,184560.5490,-7.6604,-6.4279,0.0000,-0.2137,-0.2137,0.0000,0.0000,0.0137,0.0137,0.1264,0.1665,205.3299,185.6958,187.3347,189.0401,202.2362,221.7401,221.7391,221.7394
0.2800,-0.8808,0.2195,0.4195,0.1195,-0.7543,0.6455,0.4582,0.6187,0.6382,0.2151,-0.1135,-0.2202,108.5609,-140.9094,-376.3539,-163.6328,-55.3564,9.4756,25.4837,61.5290,2.6897,-3.2384,5.7346,-89.9619,60.4933,0.5783,107.5965,-14.4267,1.2250,56.3670,0.1167,0.1192,-31951.5026,-74181.6026,189747.8613,-7.6604,-6.4279,0.0000,-0.5236,-0.5236,0.0000,0.0000,0.1745,0.1745,0.2131,0.3840,210.4049,182.0733,182.7983,183.5346,193.3908,221.7400,221.7391,221.7391
0.2900,-0.8806,0.2215,0.4189,0.1188,-0.7526,0.6477,0.4587,0.6201,0.6364,0.2123,-0.0632,-0.2139,50.0240,-141.4636,-376.2582,-163.3795,-55.5142,9.9188,24.9600,61.5386,2.1101,-3.4291,-11.5198,29.4842,-38.7346,0.4524,-48.6461,-11.6511,1.2250,56.3932,0.1153,0.1320,-44587.0909,-73141.2807,190662.9666,-7.6604,-6.4279,0.0000,-0.1291,-0.1291,0.0000,0.0000,-0.0709,-0.0709,0.1572,0.3205,207.1313,187.0923,187.7437,188.4090,202.0691,221.7397,221.7391,221.7391
0.3000,-0.8806,0.2225,0.4184,0.1189,-0.7510,0.6495,0.4588,0.6217,0.6348,0.2207,-0.0091,0.0022,74.6579,-142.0186,-376.1628,-163.1275,-55.4806,9.1798,25.4303,61.5379,3.0297,-3.6015,1.3008,-64.3290,37.8666,0.3835,73.0603,-15.3571,1.2250,56.3655,0.1123,0.1165,-53514.9810,-77625.4024,184968.7744,-7.6604,-6.4279,0.0000,-0.3173,-0.3173,0.0000,0.0000,0.1173,0.1173,0.2362,0.3840,209.8197,185.8043,185.7975,185.7907,198.1073,221.7391,221.7391,221.7391
0.3100,-0.8807,0.2226,0.4181,0.1195,-0.7497,0.6509,0.4584,0.6231,0.6337,0.1556,0.0392,-0.1019,72.0048,-142.5742,-376.0688,-162.8758,-55.6675,9.8471,24.7136,61.5511,2.0510,-3.7213,-13.4621,47.0735,-52.7973,0.2597,-71.2647,-10.2940,1.2250,56.3942,0.1108,0.1332,-58487.7448,-72177.7534,176484.7452,-7.6604,-6.4279,0.0000,-0.1979,-0.1979,0.0000,0.0000,-0.0021,-0.0021,0.1082,0.3701,209.0066,187.9951,188.2999,188.6074,201.0624,221.7398,221.7391,221.7391
0.3200,-0.8810,0.2226,0.4174,0.1196,-0.7488,0.6519,0.4577,0.6243,0.6331,0.1088,0.0790,-0.0092,36.5961,-143.1308,-375.9728,-162.6272,-55.6594,9.4032,24.9717,61.5541,2.5782,-3.7974,-0.8626,-32.7944,16.2192,0.2291,35.0267,-10.5995,1.2250,56.3748,0.1091,0.1236,-59121.1394,-72718.5392,166210.6937,-7.6604,-6.4279,0.0000,-0.0424,-0.0424,0.0000,0.0000,-0.1576,-0.1576,0.2441,0.3390,206.3810,191.0004,191.0266,191.0528,207.0049,221.7405,221.7409,221.7413
0.3300,-0.8815,0.2227,0.4163,0.1191,-0.7482,0.6527,0.4568,0.6249,0.6331,0.0163,0.1013,-0.2113,87.2657,-143.6882,-375.8753,-162.3808,-55.8386,10.2981,24.1375,61.5653,1.3966,-3.7933,-11.2109,64.2413,-57.9885,0.0540,-87.2494,-1.6859,1.2250,56.4226,0.1102,0.1452,-57333.5718,-65053.0328,158865.1955,-7.6604,-6.4279,0.0000,-0.2908,-0.2908,0.0000,0.0000,0.0908,0.0908,0.0473,0.3288,209.9916,187.9041,188.5329,189.1730,199.7464,221.7393,221.7391,221.7391
0.3400,-0.8823,0.2236,0.4143,0.1173,-0.7479,0.6534,0.4559,0.6251,0.6336,-0.0395,0.1088,-0.1994,11.4751,-144.2464,-375.7737,-162.1384,-55.8163,10.0916,24.2994,61.5675,1.7821,-3.7445,0.6000,-9.2564,6.7554,0.1999,11.4070,-1.2321,1.2250,56.4122,0.1119,0.1411,-53472.6212,-65288.1674,154178.2076,-7.6604,-6.4279,0.0000,-0.1311,-0.1311,0.0000,0.0000,-0.0689,-0.0689,0.1721,0.3375,209.5493,187.5920,188.1880,188.7941,199.9658,221.7394,221.7391,221.7391
0.3500,-0.8831,0.2252,0.4117,0.1143,-0.7477,0.6541,0.4551,0.6247,0.6346,-0.1168,0.0987,-0.4383,86.9384,-144.8052,-375.6686,-161.8988,-55.9566,11.1095,23.4615,61.5740,0.6464,-3.6380,-6.3778,69.0684,-52.4135,-0.3911,-86.6567,6.9831,1.2250,56.4847,0.1165,0.1660,-48778.4879,-59005.3900,154585.9964,-7.6604,-6.4279,0.0000,-0.3542,-0.3542,0.0000,0.0000,0.1542,0.1542,0.0246,0.2095,209.1374,187.4795,188.7872,190.1429,200.0278,221.7391,221.7391,221.7392
0.3600,-0.8840,0.2278,0.4083,0.1099,-0.7476,0.6551,0.4545,0.6239,0.6358,-0.1379,0.0781,-0.4336,12.2760,-145.3645,-375.5585,-161.6630,-55.9012,10.9800,23.6473,61.5712,1.1399,-3.5199,4.0103,-4.4059,10.7335,-0.1664,10.7652,5.8978,1.2250,56.4748,0.1213,0.1645,-42675.4369,-61608.6945,157919.2858,-7.6604,-6.4279,0.0000,-0.2114,-0.2114,0.0000,0.0000,0.0114,0.0114,0.1543,0.2366,209.1592,185.9801,187.3048,188.6756,198.5583,221.7391,221.7391,221.7392
0.3700,-0.8848,0.2313,0.4045,0.1045,-0.7474,0.6561,0.4541,0.6228,0.6371,-0.1752,0.0465,-0.6341,67.1359,-145.9238,-375.4446,-161.4295,-55.9854,11.9440,22.9231,61.5712,0.2619,-3.3781,-0.5980,56.5308,-36.2097,-1.0387,-66.0703,11.8686,1.2250,56.5535,0.1284,0.1891,-35465.1533,-58241.7089,165461.1619,-7.6604,-6.4279,0.0000,-0.4258,-0.4258,0.0000,0.0000,0.1745,0.1745,0.0398,0.1385,208.9486,185.0857,187.0471,189.1049,197.7281,221.7391,221.7391,221.7396
0.3800,-0.8856,0.2356,0.4004,0.0985,-0.7470,0.6575,0.4540,0.6217,0.6383,-0.1487,0.0127,-0.5735,28.6003,-146.4832,-375.3266,-161.1985,-55.8968,11.7319,23.2227,61.5610,0.9994,-3.2597,7.0553,-15.2082,23.1713,-0.5544,27.2904,8.5385,1.2250,56.5315,0.1345,0.1867,-26369.7818,-63744.1595,174029.8503,-7.6604,-6.4279,0.0000,-0.2377,-0.2377,0.0000,0.0000,0.0377,0.0377,0.1891,0.1334,206.8563,185.7452,187.5077,189.3497,200.6920,221.7391,221.7391,221.7395
0.3900,-0.8861,0.2403,0.3963,0.0923,-0.7464,0.6590,0.4542,0.6205,0.6393,-0.1417,-0.0227,-0.6956,38.6403,-147.0423,-375.2059,-160.9685,-55.9386,12.5290,22.6522,61.5559,0.4139,-3.1498,2.8747,34.3391,-17.4824,-1.2232,-36.8881,11.4386,1.2250,56.5974,0.1421,0.2081,-15687.6130,-62891.4355,184073.7560,-7.6604,-6.4279,0.0000,-0.3899,-0.3899,0.0000,0.0000,0.1745,0.1745,0.1014,0.1078,207.8783,183.6385,185.8458,188.1656,197.4503,221.7391,221.7392,221.7399
0.4000,-0.8865,0.2452,0.3924,0.0863,-0.7456,0.6608,0.4546,0.6196,0.6399,-0.0827,-0.0515,-0.5619,47.4266,-147.6012,-375.0827,-160.7396,-55.8441,12.1657,23.0671,61.5410,1.3536,-3.0889,7.3374,-31.2026,34.9548,-0.4385,46.9950,6.3683,1.2250,56.5640,0.1474,0.2027,-3559.8182,-69961.7547,191471.5415,-7.6604,-6.4279,0.0000,-0.2220,-0.2220,0.0000,0.0000,0.0220,0.0220,0.2428,0.0551,203.1793,187.6233,189.3120,191.0784,206.2598,221.7405,221.7391,221.7395
0.4100,-0.8867,0.2499,0.3890,0.0808,-0.7446,0.6626,0.4552,0.6189,0.6401,-0.0537,-0.0750,-0.6137,14.5855,-148.1598,-374.9585,-160.5108,-55.8760,12.7861,22.6098,61.5355,0.9451,-3.0499,2.9071,13.6854,-4.1226,-0.7614,-12.6873,7.1547,1.2250,56.6138,0.1535,0.2201,8758.9689,-69389.9246,196488.4560,-7.6604,-6.4279,0.0000,-0.3323,-0.3323,0.0000,0.0000,0.1323,0.1323,0.1686,0.0980,205.6549,184.5948,186.5261,188.5460,200.8118,221.7402,221.7392,221.7397
0.4200,-0.8867,0.2542,0.3861,0.0761,-0.7435,0.6644,0.4560,0.6186,0.6399,0.0097,-0.0863,-0.4351,57.3690,-148.7181,-374.8334,-160.2821,-55.8052,12.3091,23.0713,61.5214,1.9307,-3.0671,4.9395,-41.8682,38.9083,-0.0039,57.3554,1.2520,1.2250,56.5798,0.1566,0.2119,19835.6913,-75225.8772,195831.7616,-7.6604,-6.4279,0.0000,-0.3417,-0.3417,0.0000,0.0000,0.1417,0.1417,0.2465,0.1322,203.9627,186.4886,187.8258,189.2089,204.5681,221.7393,221.7391,221.7393
0.4300,-0.8867,0.2581,0.3837,0.0723,-0.7422,0.6662,0.4567,0.6185,0.6394,0.0324,-0.0899,-0.4603,2.9676,-149.2764,-374.7081,-160.0532,-55.8538,12.8309,22.6340,61.5196,1.5194,-3.1007,0.6048,2.7448,-0.9524,-0.1934,-2.6280,1.3648,1.2250,56.6198,0.1604,0.2268,28279.3751,-72205.6663,191917.6376,-7.6604,-6.4279,0.0000,-0.2938,-0.2938,0.0000,0.0000,0.0938,0.0938,0.2085,0.1173,203.9088,186.4469,187.8630,189.3303,204.5476,221.7393,221.7391,221.7394
0.4400,-0.8865,0.2613,0.3818,0.0693,-0.7409,0.6680,0.4574,0.6187,0.6387,0.0787,-0.0807,-0.2871,53.7145,-149.8348,-374.5826,-159.8245,-55.8199,12.3392,23.0460,61.5097,2.3846,-3.1799,1.5349,-42.2253,33.1650,0.2675,53.5464,-4.2385,1.2250,56.5920,0.1612,0.2178,33229.4570,-74993.6667,184101.4361,-7.6604,-6.4279,0.0000,-0.3581,-0.3581,0.0000,0.0000,0.1581,0.1581,0.2493,0.1954,204.2270,186.8877,187.7675,188.6677,204.8806,221.7391,221.7391,221.7392
0.4500,-0.8864,0.2640,0.3802,0.0669,-0.7397,0.6697,0.4580,0.6190,0.6380,0.0725,-0.0667,-0.3333,7.1077,-150.3933,-374.4569,-159.5962,-55.8918,12.8646,22.5451,61.5117,1.8409,-3.2541,-1.8990,2.8591,-6.2241,0.0716,-6.4098,-3.0707,1.2250,56.6281,0.1634,0.2325,34968.1216,-69271.1282,176743.4512,-7.6604,-6.4279,0.0000,-0.2956,-0.2956,0.0000,0.0000,0.0956,0.0956,0.2077,0.1738,204.3942,186.9127,187.9324,188.9803,204.6641,221.7412,221.7391,221.7392
0.4600,-0.8863,0.2663,0.3788,0.0650,-0.7384,0.6712,0.4585,0.6195,0.6372,0.0888,-0.0446,-0.2031,40.7505,-150.9522,-374.3307,-159.3689,-55.8874,12.4469,22.8511,61.5057,2.5122,-3.3519,-1.0134,-34.0525,22.3609,0.3014,40.0880,-7.3121,1.2250,56.6063,0.1631,0.2249,33863.0964,-70376.2578,169724.7048,-7.6604,-6.4279,0.0000,-0.2688,-0.2688,0.0000,0.0000,0.0688,0.0688,0.2571,0.1954,203.3350,188.7496,189.3549,189.9707,207.6878,221.7391,221.7391,221.7392
0.4700,-0.8863,0.2683,0.3774,0.0632,-0.7374,0.6725,0.4587,0.6199,0.6366,0.0545,-0.0238,-0.2951,17.0206,-151.5115,-374.2035,-159.1432,-55.9715,13.0453,22.2581,61.5096,1.8155,-3.4195,-3.0657,9.5339,-13.7624,0.0813,-16.4793,-4.2573,1.2250,56.6444,0.1650,0.2411,30891.2484,-64348.9838,166490.6395,-7.6604,-6.4279,0.0000,-0.3327,-0.3327,0.0000,0.0000,0.1327,0.1327,0.1844,0.2177,205.9799,186.3101,187.2194,188.1500,202.4830,221.7414,221.7391,221.7392
0.4800,-0.8864,0.2702,0.3758,0.0612,-0.7364,0.6738,0.4588,0.6203,0.6362,0.0453,-0.0009,-0.2151,26.7584,-152.0712,-374.0749,-158.9192,-55.9791,12.7358,22.4653,61.5055,2.3327,-3.4916,-1.7961,-23.2470,13.1288,0.2446,25.8548,-6.8908,1.2250,56.6272,0.1650,0.2359,26196.6707,-66346.4812,165443.3960,-7.6604,-6.4279,0.0000,-0.2548,-0.2548,0.0000,0.0000,0.0548,0.0548,0.2425,0.2038,204.3151,188.4738,189.1155,189.7701,206.4136,221.7391,221.7391,221.7392
0.4900,-0.8866,0.2722,0.3739,0.0588,-0.7355,0.6749,0.4587,0.6204,0.6361,-0.0012,0.0148,-0.3455,23.8014,-152.6314,-373.9444,-158.6977,-56.0569,13.4135,21.8137,61.5088,1.5604,-3.5171,-2.3867,16.0138,-17.4462,-0.0478,-23.6941,-2.2574,1.2250,56.6722,0.1680,0.2539,20220.5661,-62071.9412,168555.0330,-7.6604,-6.4279,0.0000,-0.3878,-0.3878,0.0000,0.0000,0.1745,0.1745,0.1620,0.2140,207.1169,185.5775,186.6501,187.7517,200.5034,221.7400,221.7391,221.7392
0.5000,-0.8869,0.2744,0.3716,0.0560,-0.7347,0.6761,0.4585,0.6204,0.6363,-0.0156,0.0284,-0.2955,18.7027,-153.1920,-373.8117,-158.4784,-56.0587,13.1875,21.9764,61.5044,2.0290,-3.5411,-0.8924,-15.8401,9.9037,0.1260,18.2835,-3.9355,1.2250,56.6579,0.1695,0.2507,12709.5718,-66216.4656,173045.9132,-7.6604,-6.4279,0.0000,-0.3091,-0.3091,0.0000,0.0000,0.1091,0.1091,0.2229,0.1962,205.6425,187.1880,188.0836,189.0023,203.6977,221.7404,221.7391,221.7392
0.5100,-0.8872,0.2769,0.3690,0.0526,-0.7340,0.6772,0.4583,0.6202,0.6366,-0.0564,0.0320,-0.4360,22.9481,-153.7529,-373.6764,-158.2618,-56.1144,13.8999,21.3298,61.5057,1.2918,-3.5165,-0.3938,17.5154,-14.8214,-0.2698,-22.9126,1.2466,1.2250,56.7094,0.1741,0.2696,3851.2546,-64084.8187,179924.0911,-7.6604,-6.4279,0.0000,-0.4364,-0.4364,0.0000,0.0000,0.1745,0.1745,0.1580,0.1731,207.2614,185.0840,186.4441,187.8498,199.7796,221.7392,221.7391,221.7393
0.5200,-0.8876,0.2796,0.3660,0.0487,-0.7332,0.6783,0.4580,0.6199,0.6372,-0.0575,0.0329,-0.3852,19.6141,-154.3139,-373.5387,-158.0473,-56.1002,13.7001,21.5115,61.4992,1.8123,-3.4973,0.8135,-14.6248,13.0448,-0.0368,19.6103,-0.3814,1.2250,56.6947,0.1770,0.2672,-6153.9601,-69945.3620,185557.5219,-7.6604,-6.4279,0.0000,-0.3499,-0.3499,0.0000,0.0000,0.1499,0.1499,0.2245,0.1504,205.4526,186.7452,187.9183,189.1288,203.3655,221.7395,221.7391,221.7393
0.5300,-0.8879,0.2827,0.3628,0.0444,-0.7324,0.6794,0.4578,0.6194,0.6378,-0.0807,0.0244,-0.5073,15.3854,-154.8751,-373.3983,-157.8351,-56.1286,14.3896,20.9226,61.4980,1.1841,-3.4394,1.7106,13.3395,-7.4728,-0.4586,-14.7711,4.2799,1.2250,56.7476,0.1829,0.2856,-16641.9161,-68704.3580,190468.6993,-7.6604,-6.4279,0.0000,-0.4593,-0.4593,0.0000,0.0000,0.1745,0.1745,0.1747,0.1246,206.5452,184.9227,186.5082,188.1550,200.3279,221.7391,221.7392,221.7394
0.5400,-0.8882,0.2860,0.3595,0.0400,-0.7315,0.6807,0.4577,0.6189,0.6383,-0.0625,0.0155,-0.4332,26.7979,-155.4363,-373.2559,-157.6244,-56.1007,14.1648,21.1604,61.4890,1.7990,-3.4006,2.1130,-18.3145,19.4484,-0.1225,26.7194,2.0458,1.2250,56.7299,0.1866,0.2826,-26371.5352,-74319.7439,191200.1571,-7.6604,-6.4279,0.0000,-0.3652,-0.3652,0.0000,0.0000,0.1652,0.1652,0.2442,0.0965,204.0975,187.1418,188.4543,189.8130,205.0809,221.7395,221.7391,221.7393
0.5500,-0.8884,0.2895,0.3562,0.0354,-0.7306,0.6819,0.4576,0.6184,0.6388,-0.0679,0.0004,-0.5240,6.8698,-155.9973,-373.1110,-157.4154,-56.1090,14.7963,20.6441,61.4861,1.2841,-3.3372,2.8213,6.2293,0.6559,-0.4698,-4.0039,5.5625,1.2250,56.7794,0.1930,0.2997,-34416.5891,-71636.4533,189427.5611,-7.6604,-6.4279,0.0000,-0.4625,-0.4625,0.0000,0.0000,0.1745,0.1745,0.1993,0.0867,205.2175,185.2935,186.9252,188.6223,202.0697,221.7392,221.7392,221.7395
0.5600,-0.8886,0.2929,0.3530,0.0310,-0.7295,0.6833,0.4577,0.6181,0.6392,-0.0366,-0.0114,-0.4231,34.1438,-156.5583,-372.9647,-157.2073,-56.0783,14.5274,20.9339,61.4756,1.9682,-3.3068,2.2541,-23.3162,24.8409,-0.0630,34.0522,2.4983,1.2250,56.7595,0.1966,0.2955,-39545.4105,-74908.5498,183619.8550,-7.6604,-6.4279,0.0000,-0.3661,-0.3661,0.0000,0.0000,0.1661,0.1661,0.2618,0.0567,202.2782,188.0954,189.3629,190.6747,207.8142,221.7404,221.7391,221.7393
0.5700,-0.8886,0.2964,0.3500,0.0267,-0.7284,0.6846,0.4579,0.6177,0.6394,-0.0337,-0.0259,-0.4887,6.3783,-157.1191,-372.8164,-157.0004,-56.0793,15.1010,20.4663,61.4725,1.5148,-3.2624,2.6190,-0.0979,5.8150,-0.3211,4.1222,4.8566,1.2250,56.8045,0.2025,0.3111,-41987.7990,-69636.6029,177378.8429,-7.6604,-6.4279,0.0000,-0.4425,-0.4425,0.0000,0.0000,0.1745,0.1745,0.2338,0.0526,203.1903,186.5522,188.0505,189.6066,205.3756,221.7401,221.7392,221.7395
0.5800,-0.8886,0.2997,0.3473,0.0228,-0.7272,0.6860,0.4581,0.6175,0.6394,-0.0010,-0.0339,-0.3739,37.2924,-157.6798,-372.6672,-156.7939,-56.0576,14.8020,20.7731,61.4621,2.2049,-3.2592,1.3240,-26.3767,26.3295,0.0629,37.2745,1.1533,1.2250,56.7848,0.2053,0.3062,-41557.8246,-70785.2615,170332.4209,-7.6604,-6.4279,0.0000,-0.3619,-0.3619,0.0000,0.0000,0.1619,0.1619,0.2618,0.0348,200.5714,189.2522,190.3568,191.4964,210.6257,221.7391,221.7391,221.7393
0.5900,-0.8885,0.3029,0.3447,0.0192,-0.7261,0.6874,0.4585,0.6173,0.6393,-0.0018,-0.0423,-0.4316,7.4657,-158.2404,-372.5163,-156.5887,-56.0613,15.3439,20.3121,61.4598,1.7460,-3.2442,1.5899,-3.2626,6.5241,-0.1518,6.8838,2.8856,1.2250,56.8263,0.2105,0.3210,-39398.6072,-64414.3961,166011.5718,-7.6604,-6.4279,0.0000,-0.4453,-0.4453,0.0000,0.0000,0.1745,0.1745,0.2431,0.0513,202.1943,187.2370,188.5506,189.9096,207.0887,221.7391,221.7392,221.7394
0.6000,-0.8884,0.3058,0.3424,0.0160,-0.7248,0.6887,0.4588,0.6173,0.6391,0.0229,-0.0427,-0.3212,35.3770,-158.8010,-372.3646,-156.3839,-56.0539,15.0452,20.5950,61.4506,2.3846,-3.2709,-0.0484,-26.2290,23.7397,0.1510,35.3614,-1.0426,1.2250,56.8083,0.2123,0.3159,-35457.6816,-65597.8169,163136.4939,-7.6604,-6.4279,0.0000,-0.3737,-0.3737,0.0000,0.0000,0.1737,0.1737,0.2618,0.0437,200.1091,189.5776,190.5238,191.4960,211.4586,221.7391,221.7391,221.7392
0.6100,-0.8882,0.3087,0.3402,0.0128,-0.7237,0.6900,0.4592,0.6173,0.6388,0.0125,-0.0434,-0.3878,5.0133,-159.3616,-372.2112,-156.1806,-56.0635,15.5865,20.1055,61.4492,1.8767,-3.2805,0.4479,-3.1607,3.8656,-0.0584,4.9604,0.7241,1.2250,56.8482,0.2168,0.3308,-30555.6453,-60256.4263,163997.6996,-7.6604,-6.4279,0.0000,-0.4647,-0.4647,0.0000,0.0000,0.1745,0.1745,0.2406,0.0629,202.0511,187.3856,188.5649,189.7809,207.4352,221.7391,221.7392,221.7393
0.6200,-0.8881,0.3114,0.3382,0.0099,-0.7225,0.6913,0.4596,0.6173,0.6385,0.0260,-0.0366,-0.2940,30.4834,-159.9222,-372.0569,-155.9781,-56.0690,15.3132,20.3421,61.4410,2.4428,-3.3258,-1.1686,-23.6390,19.2112,0.1738,30.3483,-2.8623,1.2250,56.8319,0.2181,0.3264,-24296.6151,-63083.5097,166207.3314,-7.6604,-6.4279,0.0000,-0.4008,-0.4008,0.0000,0.0000,0.1745,0.1745,0.2618,0.0599,200.4733,189.3095,190.1797,191.0717,210.9112,221.7391,221.7391,221.7392
0.6300,-0.8880,0.3141,0.3360,0.0069,-0.7213,0.6925,0.4599,0.6173,0.6383,0.0061,-0.0321,-0.3766,1.4855,-160.4830,-371.9007,-155.7777,-56.0809,15.8722,19.8146,61.4400,1.8848,-3.3441,-0.2162,-1.3613,0.5539,-0.0494,1.3640,-0.5861,1.2250,56.8722,0.2225,0.3418,-17094.5861,-59665.7700,171171.0683,-7.6604,-6.4279,0.0000,-0.4976,-0.4976,0.0000,0.0000,0.1745,0.1745,0.2339,0.0689,202.3381,187.2086,188.3567,189.5406,207.0053,221.7391,221.7392,221.7393
0.6400,-0.8878,0.3166,0.3339,0.0040,-0.7202,0.6937,0.4601,0.6173,0.6382,0.0117,-0.0219,-0.3005,25.7567,-161.0439,-371.7434,-155.5783,-56.0931,15.6321,20.0093,61.4323,2.3969,-3.3906,-1.6617,-20.5153,15.4843,0.1494,25.5109,-3.5461,1.2250,56.8572,0.2238,0.3383,-8724.7646,-64315.7410,175787.2926,-7.6604,-6.4279,0.0000,-0.4374,-0.4374,0.0000,0.0000,0.1745,0.1745,0.2618,0.0647,201.0160,188.8644,189.7589,190.6783,209.9668,221.7391,221.7391,221.7392
0.6500,-0.8878,0.3193,0.3315,0.0008,-0.7191,0.6949,0.4603,0.6172,0.6382,-0.0125,-0.0164,-0.3948,1.0791,-161.6049,-371.5839,-155.3813,-56.1007,16.2083,19.4587,61.4310,1.8194,-3.4012,-0.2198,0.1624,-1.0439,-0.0991,-0.8423,-0.6671,1.2250,56.8990,0.2285,0.3542,294.0352,-62322.8496,180959.3181,-7.6604,-6.4279,0.0000,-0.5236,-0.5236,0.0000,0.0000,0.1745,0.1745,0.2294,0.0608,202.5971,186.9745,188.1812,189.4268,206.5064,221.7391,221.7392,221.7393
0.6600,-0.8877,0.3219,0.3291,-0.0024,-0.7180,0.6960,0.4604,0.6171,0.6382,-0.0083,-0.0073,-0.3283,23.4098,-162.1660,-371.4231,-155.1856,-56.1132,15.9922,19.6346,61.4231,2.3161,-3.4352,-1.5380,-18.5063,14.2537,0.0982,23.2125,-3.0309,1.2250,56.8845,0.2302,0.3514,9450.2757,-67700.5767,183421.8567,-7.6604,-6.4279,0.0000,-0.4617,-0.4617,0.0000,0.0000,0.1745,0.1745,0.2618,0.0526,201.2153,188.6098,189.5896,190.5989,209.4955,221.7391,221.7391,221.7393
0.6700,-0.8877,0.3248,0.3264,-0.0059,-0.7170,0.6971,0.4604,0.6169,0.6383,-0.0305,-0.0046,-0.4243,0.3492,-162.7271,-371.2599,-154.9924,-56.1109,16.5725,19.0866,61.4209,1.7567,-3.4288,0.2485,0.2331,-0.0767,-0.1699,-0.2221,0.2093,1.2250,56.9277,0.2356,0.3675,17920.5745,-65588.3719,184458.6418,-7.6604,-6.4279,0.0000,-0.5236,-0.5236,0.0000,0.0000,0.1745,0.1745,0.2331,0.0383,202.4060,186.9993,188.2944,189.6333,206.6837,221.7391,221.7392,221.7394
0.6800,-0.8876,0.3275,0.3238,-0.0095,-0.7159,0.6982,0.4605,0.6167,0.6385,-0.0221,0.0007,-0.3568,23.9000,-163.2883,-371.0954,-154.8004,-56.1198,16.3642,19.2690,61.4124,2.2708,-3.4456,-1.1132,-18.1732,15.4825,0.0486,23.8296,-1.8335,1.2250,56.9130,0.2378,0.3648,24748.1893,-70000.2414,181813.7082,-7.6604,-6.4279,0.0000,-0.4583,-0.4583,0.0000,0.0000,0.1745,0.1745,0.2618,0.0278,200.8196,188.7530,189.8148,190.9083,209.9700,221.7391,221.7392,221.7393
0.6900,-0.8876,0.3305,0.3209,-0.0133,-0.7147,0.6993,0.4604,0.6164,0.6388,-0.0383,-0.0012,-0.4455,3.0353,-163.8494,-370.9285,-154.6108,-56.1054,16.9337,18.7438,61.4095,1.7513,-3.4225,0.8048,-1.1165,2.7054,-0.2152,2.6791,1.4105,1.2250,56.9562,0.2438,0.3805,29538.8353,-66348.6402,178112.9403,-7.6604,-6.4279,0.0000,-0.5236,-0.5236,0.0000,0.0000,0.1745,0.1745,0.2441,0.0097,201.7025,187.3610,188.7133,190.1140,207.6898,221.7391,221.7392,221.7394
0.7000,-0.8875,0.3334,0.3181,-0.0170,-0.7136,0.7004,0.4604,0.6162,0.6390,-0.0241,-0.0002,-0.3703,26.0741,-164.4105,-370.7604,-154.4222,-56.1109,16.7208,18.9465,61.4002,2.2939,-3.4265,-0.7752,-18.9958,17.8443,0.0311,26.0657,-0.6597,1.2250,56.9410,0.2464,0.3776,31848.2492,-69063.1869,172375.7394,-7.6604,-6.4279,0.0000,-0.4566,-0.4566,0.0000,0.0000,0.1745,0.1745,0.2618,-0.0002,200.0149,189.1609,190.2568,191.3870,211.0993,221.7391,221.7392,221.7393
0.7100,-0.8874,0.3364,0.3151,-0.0209,-0.7124,0.7015,0.4605,0.6159,0.6392,-0.0345,-0.0059,-0.4486,6.5693,-164.9715,-370.5899,-154.2357,-56.0863,17.2718,18.4493,61.3967,1.8127,-3.3945,1.1044,-3.0551,5.7098,-0.2085,6.1586,2.2767,1.2250,56.9835,0.2526,0.3928,32165.4321,-64044.5461,167878.1378,-7.6604,-6.4279,0.0000,-0.5236,-0.5236,0.0000,0.0000,0.1745,0.1745,0.2566,-0.0158,200.7862,187.8485,189.2012,190.6031,209.0321,221.7391,221.7392,221.7395
0.7200,-0.8873,0.3393,0.3123,-0.0246,-0.7112,0.7026,0.4605,0.6157,0.6394,-0.0163,-0.0076,-0.3656,28.0997,-165.5324,-370.4185,-154.0499,-56.0912,17.0511,18.6702,61.3871,2.3730,-3.3951,-0.7481,-19.9808,19.7435,0.0508,28.0997,-0.0238,1.2250,56.9682,0.2553,0.3895,30525.1428,-66033.5145,163597.2401,-7.6604,-6.4279,0.0000,-0.4575,-0.4575,0.0000,0.0000,0.1745,0.1745,0.2618,-0.0226,199.0908,189.6469,190.7221,191.8308,212.4301,221.7391,221.7392,221.7393
0.7300,-0.8871,0.3423,0.3095,-0.0284,-0.7099,0.7037,0.4606,0.6155,0.6395,-0.0241,-0.0148,-0.4359,8.9490,-166.0932,-370.2448,-153.8662,-56.0600,17.5852,18.1916,61.3834,1.9115,-3.3643,1.0370,-4.6431,7.5796,-0.1635,8.6006,2.4671,1.2250,57.0095,0.2615,0.4042,27603.2752,-61058.8681,162188.5723,-7.6604,-6.4279,0.0000,-0.5236,-0.5236,0.0000,0.0000,0.1745,0.1745,0.2618,-0.0333,199.9029,188.3118,189.6192,190.9732,210.3283,221.7391,221.7392,221.7395
0.7400,-0.8870,0.3452,0.3069,-0.0319,-0.7087,0.7048,0.4607,0.6154,0.6396,-0.0055,-0.0167,-0.3496,28.7169,-166.6538,-370.0702,-153.6829,-56.0676,17.3611,18.4179,61.3738,2.4690,-3.3703,-1.0325,-20.3734,20.2119,0.0857,28.7167,-0.0856,1.2250,56.9946,0.2640,0.4007,23336.6974,-63742.4450,161791.3021,-7.6604,-6.4279,0.0000,-0.4609,-0.4609,0.0000,0.0000,0.1745,0.1745,0.2618,-0.0357,198.3239,190.0207,191.0449,192.0999,213.5165,221.7391,221.7392,221.7393
0.7500,-0.8867,0.3481,0.3042,-0.0355,-0.7074,0.7059,0.4609,0.6152,0.6396,-0.0142,-0.0230,-0.4178,9.5604,-167.2143,-369.8934,-153.5017,-56.0330,17.8857,17.9426,61.3702,2.0063,-3.3474,0.7053,-5.3988,7.8586,-0.1145,9.3417,2.0304,1.2250,57.0350,0.2701,0.4151,18110.9377,-59908.2523,164237.0974,-7.6604,-6.4279,0.0000,-0.5236,-0.5236,0.0000,0.0000,0.1745,0.1745,0.2618,-0.0428,199.2479,188.6184,189.8676,191.1599,211.2616,221.7391,221.7392,221.7394
0.7600,-0.8865,0.3509,0.3017,-0.0389,-0.7061,0.7070,0.4611,0.6151,0.6396,0.0018,-0.0231,-0.3338,27.8098,-167.7747,-369.7158,-153.3211,-56.0453,17.6656,18.1600,61.3608,2.5441,-3.3634,-1.4819,-19.9958,19.2707,0.1113,27.8019,-0.6566,1.2250,57.0208,0.2723,0.4118,11814.9760,-63887.4807,166929.7313,-7.6604,-6.4279,0.0000,-0.4652,-0.4652,0.0000,0.0000,0.1745,0.1745,0.2618,-0.0417,197.8433,190.1980,191.1745,192.1791,214.1542,221.7391,221.7392,221.7393
0.7700,-0.8862,0.3538,0.2991,-0.0423,-0.7048,0.7081,0.4613,0.6149,0.6396,-0.0097,-0.0271,-0.4047,8.8679,-168.3350,-369.5359,-153.1425,-56.0085,18.1879,17.6762,61.3572,2.0684,-3.3499,0.2975,-5.4238,7.0096,-0.0856,8.7739,1.2854,1.2250,57.0607,0.2783,0.4261,4734.0627,-61235.3259,171104.3678,-7.6604,-6.4279,0.0000,-0.5236,-0.5236,0.0000,0.0000,0.1745,0.1745,0.2618,-0.0486,198.8436,188.7601,189.9687,191.2176,211.7969,221.7391,221.7392,221.7394
0.7800,-0.8859,0.3565,0.2967,-0.0455,-0.7035,0.7092,0.4616,0.6148,0.6395,0.0028,-0.0247,-0.3262,26.1317,-168.8951,-369.3552,-152.9646,-56.0256,17.9765,17.8771,61.3479,2.5822,-3.3751,-1.9144,-19.1450,17.6824,0.1186,26.0967,-1.3455,1.2250,57.0470,0.2803,0.4230,-2855.0614,-66011.8575,173740.3860,-7.6604,-6.4279,0.0000,-0.4684,-0.4684,0.0000,0.0000,0.1745,0.1745,0.2618,-0.0462,197.5795,190.2349,191.1892,192.1704,214.4483,221.7391,221.7392,221.7393
0.7900,-0.8856,0.3593,0.2942,-0.0490,-0.7022,0.7103,0.4618,0.6146,0.6395,-0.0114,-0.0264,-0.4013,7.8709,-169.4552,-369.1721,-152.7890,-55.9864,18.4998,17.3813,61.3441,2.0943,-3.3678,-0.0243,-5.1562,5.9468,-0.0815,7.8458,0.6228,1.2250,57.0867,0.2863,0.4375,-10455.4248,-63569.2938,175966.1348,-7.6604,-6.4279,0.0000,-0.5236,-0.5236,0.0000,0.0000,0.1745,0.1745,0.2618,-0.0559,198.5673,188.8293,190.0272,191.2648,212.1289,221.7391,221.7392,221.7394
0.8000,-0.8853,0.3620,0.2918,-0.0522,-0.7010,0.7113,0.4620,0.6145,0.6395,-0.0014,-0.0220,-0.3282,24.6277,-170.0152,-368.9883,-152.6141,-56.0071,18.2978,17.5672,61.3348,2.5908,-3.3973,-2.2116,-18.2837,16.3506,0.1108,24.5615,-1.8011,1.2250,57.0733,0.2882,0.4347,-17273.5326,-67870.3320,175122.5254,-7.6604,-6.4279,0.0000,-0.4697,-0.4697,0.0000,0.0000,0.1745,0.1745,0.2618,-0.0540,197.3673,190.2503,191.2105,192.1978,214.6541,221.7391,221.7392,221.7393
0.8100,-0.8850,0.3648,0.2892,-0.0556,-0.6997,0.7123,0.4622,0.6143,0.6395,-0.0166,-0.0225,-0.4061,7.4071,-170.5750,-368.8020,-152.4417,-55.9639,18.8210,17.0641,61.3308,2.1003,-3.3909,-0.1929,-5.0319,5.4321,-0.0940,7.4007,0.2937,1.2250,57.1132,0.2944,0.4493,-22853.2633,-64333.5900,173140.7644,-7.6604,-6.4279,0.0000,-0.5236,-0.5236,0.0000,0.0000,0.1745,0.1745,0.2618,-0.0677,198.2670,188.9284,190.1389,191.3901,212.4916,221.7391,221.7392,221.7395
0.8200,-0.8847,0.3675,0.2867,-0.0589,-0.6984,0.7133,0.4624,0.6142,0.6396,-0.0073,-0.0175,-0.3357,23.8694,-171.1348,-368.6149,-152.2700,-55.9866,18.6255,17.2423,61.3213,2.5909,-3.4195,-2.3536,-17.7334,15.8031,0.0962,23.7957,-1.8724,1.2250,57.0998,0.2964,0.4467,-26489.8562,-67167.1529,168467.3293,-7.6604,-6.4279,0.0000,-0.4748,-0.4748,0.0000,0.0000,0.1745,0.1745,0.2618,-0.0625,197.2225,190.1950,191.1781,192.1896,214.7257,221.7391,221.7392,221.7393
0.8300,-0.8844,0.3703,0.2840,-0.0625,-0.6971,0.7143,0.4625,0.6139,0.6397,-0.0217,-0.0181,-0.4136,7.7647,-171.6943,-368.4253,-152.1008,-55.9381,19.1454,16.7397,61.3169,2.1082,-3.4097,-0.2363,-5.2467,5.7190,-0.1098,7.7570,0.3278,1.2250,57.1397,0.3029,0.4612,-28372.1189,-62154.5603,163972.5691,-7.6604,-6.4279,0.0000,-0.5236,-0.5236,0.0000,0.0000,0.1745,0.1745,0.2618,-0.0790,198.0072,188.9678,190.1998,191.4741,212.7591,221.7391,221.7392,221.7395
0.8400,-0.8841,0.3731,0.2814,-0.0659,-0.6958,0.7152,0.4626,0.6138,0.6397,-0.0112,-0.0138,-0.3431,23.8678,-172.2538,-368.2349,-151.9324,-55.9616,18.9529,16.9182,61.3072,2.6018,-3.4340,-2.3947,-17.5326,16.0171,0.0844,23.8125,-1.6225,1.2250,57.1263,0.3050,0.4587,-28290.5285,-63856.4364,158646.2846,-7.6604,-6.4279,0.0000,-0.4824,-0.4824,0.0000,0.0000,0.1745,0.1745,0.2618,-0.0676,197.1520,190.0372,191.0443,192.0809,214.6377,221.7391,221.7392,221.7394
0.8500,-0.8838,0.3759,0.2787,-0.0696,-0.6944,0.7162,0.4627,0.6136,0.6399,-0.0238,-0.0155,-0.4185,8.7112,-172.8131,-368.0420,-151.7665,-55.9070,19.4666,16.4223,61.3025,2.1321,-3.4191,-0.2308,-5.7215,6.5647,-0.1175,8.6909,0.5832,1.2250,57.1659,0.3117,0.4730,-26903.3601,-58306.0937,155289.4826,-7.6604,-6.4279,0.0000,-0.5236,-0.5236,0.0000,0.0000,0.1745,0.1745,0.2618,-0.0853,197.8379,188.8835,190.1320,191.4236,212.8353,221.7391,221.7392,221.7395
0.8600,-0.8834,0.3786,0.2760,-0.0730,-0.6931,0.7171,0.4629,0.6134,0.6399,-0.0118,-0.0123,-0.3463,24.2452,-173.3723,-367.8485,-151.6013,-55.9310,19.2749,16.6054,61.2926,2.6310,-3.4387,-2.4150,-17.5148,16.5900,0.0812,24.2131,-1.2447,1.2250,57.1525,0.3140,0.4704,-24121.9337,-60112.7543,152443.0099,-7.6604,-6.4279,0.0000,-0.4849,-0.4849,0.0000,0.0000,0.1745,0.1745,0.2618,-0.0710,197.0270,189.8984,190.9173,191.9663,214.6246,221.7391,221.7392,221.7394
