Controller Output Text File 
File Created on: 23/05/2019 09:03 
controller version: 1.1.0 
time, dcm0_0, dcm0_1, dcm0_2, dcm1_0, dcm1_1, dcm1_2, dcm2_0, dcm2_1, dcm2_2, acc_norm_f, pqr_f.x, pqr_f.y, pqr_f.z, Xg.x, Xg.y, Xg.z, Vg.x, Vg.y, Vg.z, Vb.x, Vb.y, Vb.z, Ag.x, Ag.y, Ag.z, Ab_f.x, Ab_f.y, Ab_f.z, rho, sph_f.v, sph_f.alpha, sph_f.beta, tether_force_b.vector_f.x, tether_force_b.vector_f.y, tether_force_b.vector_f.z, wind_g.vector.x, wind_g.vector.y, wind_g.vector.z, flaps[0], flaps[1], flaps[2], flaps[3], flaps[4], flaps[5], flaps[6], flaps[7], rotors[0], rotors[1], rotors[2], rotors[3], rotors[4], rotors[5], rotors[6], rotors[7]
0.0000,-0.8610,0.2349,0.4511,0.1192,-0.7690,0.6280,0.4944,0.5945,0.6341,-0.4937,-1.8706,0.0594,25.0554,-125.4898,-378.4509,-171.1077,-54.4957,5.0564,28.4869,61.6086,0.2451,-3.3413,-22.2688,7.9269,8.3091,24.2267,-6.3874,0.2027,1.2250,56.0083,0.0743,-0.0518,2955.6114,-73347.4085,156962.0272,-7.6604,-6.4279,0.0000,0.0065,0.0065,0.0000,0.0000,-0.2065,-0.2065,-0.1745,0.3571,186.6254,177.7465,177.5150,177.2841,214.2466,221.7393,221.7393,221.7393
0.0100,-0.8512,0.2347,0.4695,0.1308,-0.7714,0.6228,0.5083,0.5915,0.6259,-0.1617,-2.7867,0.4219,2108.0916,-126.0263,-378.3973,-170.8088,-50.8850,7.1643,34.4725,61.7722,2.9225,2.1460,-1155.0202,-599.3519,-1658.5402,61.6101,-789.7762,-1953.5885,1.2250,56.9338,0.1720,-0.0042,-17710.1089,-79175.1179,226129.7690,-7.6604,-6.4279,0.0000,0.1745,0.1745,0.0000,0.0000,-0.5236,-0.5236,-0.1745,0.0786,173.8201,171.8839,169.9632,168.0550,221.7391,221.7391,221.7407,221.7396
0.0200,-0.8314,0.2389,0.5017,0.1511,-0.7716,0.6179,0.5347,0.5895,0.6054,0.0736,-4.3948,-0.0193,1020.3396,-126.4858,-378.2762,-170.4062,-43.5635,17.6481,41.8448,61.2616,0.6429,14.3816,342.2555,-311.1850,909.4602,154.7511,858.0324,530.0239,1.2250,60.1637,0.3782,-0.0413,-29943.1491,-51864.0014,198121.0376,-7.6604,-6.4279,0.0000,-0.5236,-0.5236,0.0000,0.0000,0.1745,0.1745,-0.1745,0.3834,149.7317,134.0339,134.2142,134.3940,211.9272,221.7391,221.7391,221.7391
0.0300,-0.8199,0.2379,0.5207,0.1667,-0.7709,0.6148,0.5476,0.5909,0.5924,0.1882,-0.4143,-0.1304,1807.9735,-126.9831,-378.1725,-170.0665,-55.2469,2.9569,27.8752,61.0576,1.0479,-10.4333,975.3333,1002.0980,1145.9898,-5.0839,136.6529,1802.7946,1.2250,55.9425,-0.0446,-0.0373,-45344.7339,-87117.3512,201264.0618,-7.6604,-6.4279,0.0000,-0.5236,-0.5236,0.0000,0.0000,0.1745,0.1745,0.0177,0.3840,210.9934,180.0646,180.5133,180.9658,190.5331,221.7408,221.7391,221.7391
0.0400,-0.8238,0.2341,0.5162,0.1679,-0.7690,0.6167,0.5414,0.5948,0.5943,0.0391,1.3431,-0.7689,316.9691,-127.5604,-378.1473,-169.8241,-59.7035,1.1298,21.5983,61.0684,-1.9988,-17.2892,138.9190,240.5700,152.6336,8.5869,-61.7054,310.7863,1.2250,56.8514,-0.1663,-0.0907,-58320.9067,-86250.6080,192631.7432,-7.6604,-6.4279,0.0000,0.1745,0.1745,0.0000,0.0000,-0.5236,-0.5236,0.2243,-0.3238,210.1080,211.3461,212.7790,214.3875,221.7409,221.7392,221.7392,221.7392
0.0500,-0.8308,0.2270,0.5081,0.1687,-0.7673,0.6188,0.5303,0.5998,0.5992,0.1058,0.2867,-1.1728,1691.0848,-128.1371,-378.1081,-169.5843,-54.8048,9.0351,26.9549,61.3532,-3.2078,-6.1038,-769.5828,-1252.0295,-836.6196,-15.4850,284.0757,-1666.9820,1.2250,56.4646,0.0315,-0.1136,-56869.1036,-63705.5769,157851.3807,-7.6604,-6.4279,0.0000,-0.5236,-0.5236,0.0000,0.0000,0.1745,0.1745,0.2230,0.2643,221.7403,173.5545,177.7542,182.2066,170.2574,221.7392,221.7392,221.7391
0.0600,-0.8329,0.2196,0.5079,0.1754,-0.7658,0.6187,0.5249,0.6044,0.5994,-0.1160,0.3910,-0.5304,1196.3170,-128.6624,-378.0113,-169.2805,-52.4063,7.2372,31.4035,61.4023,1.9279,-3.3195,552.9261,896.7854,566.7656,-5.8117,-222.8364,1175.3657,1.2250,56.3481,0.0808,-0.0233,-47006.4724,-55072.6761,122767.5734,-7.6604,-6.4279,0.0000,0.1745,0.1745,0.0000,0.0000,-0.5236,-0.5236,0.1644,-0.0576,201.4819,202.6259,203.8579,205.1691,221.7393,221.7391,221.7391,221.7392
0.0700,-0.8444,0.2106,0.4926,0.1710,-0.7655,0.6203,0.5078,0.6080,0.6103,-0.3624,3.0864,-1.4218,1246.4935,-129.2371,-377.9734,-169.0363,-61.5739,1.8240,18.1520,61.5191,-3.3296,-18.1243,617.0663,211.9911,1062.0899,54.5317,613.4427,1083.7252,1.2250,57.4826,-0.1825,-0.1157,-42486.4334,-44002.4980,106478.9610,-7.6604,-6.4279,0.0000,-0.5236,-0.5236,0.0000,0.0000,0.1745,0.1745,0.2618,0.3326,221.7393,221.7391,186.9834,191.1211,184.8451,184.8100,221.7391,221.7396
0.0800,-0.8633,0.1972,0.4645,0.1597,-0.7665,0.6221,0.4787,0.6113,0.6302,-0.5150,3.4896,-1.0012,710.4428,-129.8568,-377.9694,-168.8627,-61.3506,-0.9210,18.1825,61.5233,-0.2778,-17.6112,-406.8099,-47.9734,-580.4595,65.6862,-398.2659,-584.6354,1.2250,56.9523,-0.1778,-0.0649,-45640.2934,-55113.0682,111840.6115,-7.6604,-6.4279,0.0000,0.1745,0.1745,0.0000,0.0000,-0.5236,-0.5236,0.2618,-0.3810,219.7989,221.7391,221.7402,221.7391,220.1923,219.0575,220.1811,221.7391
0.0900,-0.8767,0.1872,0.4432,0.1511,-0.7675,0.6230,0.4568,0.6131,0.6445,-0.3479,1.6233,-1.0508,1059.2272,-130.4403,-377.9406,-168.6419,-55.8483,7.3798,25.1288,61.5531,-0.7113,-3.9570,-380.2845,-889.4457,-431.5465,1.8908,346.8552,-1000.8248,1.2250,56.0730,0.0616,-0.0752,-47007.7428,-50005.0808,120199.7294,-7.6604,-6.4279,0.0000,-0.5236,-0.5236,0.0000,0.0000,0.1745,0.1745,0.2618,0.3050,221.7394,195.0479,186.3465,189.5520,182.4622,212.1649,221.7391,221.7392
0.1000,-0.8843,0.1784,0.4314,0.1488,-0.7682,0.6227,0.4425,0.6149,0.6528,-0.2223,1.4302,-0.4549,766.9799,-130.9940,-377.8689,-168.3811,-55.4720,4.9848,26.6001,61.5684,2.6282,-3.4624,195.1627,726.9649,147.2807,0.7362,-433.0650,633.0184,1.2250,55.8906,0.0689,-0.0169,-41633.4725,-48834.7256,120827.5317,-7.6604,-6.4279,0.0000,0.1745,0.1745,0.0000,0.0000,-0.5236,-0.5236,0.2618,-0.1471,211.4760,212.2245,213.0389,213.9195,221.7407,221.7395,221.7392,221.7391
0.1100,-0.8927,0.1742,0.4156,0.1406,-0.7684,0.6243,0.4281,0.6157,0.6615,-0.0925,2.0221,-0.5609,558.7974,-131.5653,-377.8409,-168.1416,-58.5267,2.3296,21.1197,61.6169,1.0158,-8.8981,187.9289,-193.3023,489.4604,14.6043,482.6693,281.1967,1.2250,55.7684,-0.0306,-0.0464,-37049.8421,-42815.0091,126939.3517,-7.6604,-6.4279,0.0000,-0.5236,-0.5236,0.0000,0.0000,0.1745,0.1745,0.2618,0.3840,221.7405,205.4526,189.1401,190.6367,186.9322,205.9183,221.7393,221.7391
0.1200,-0.8999,0.1698,0.4017,0.1347,-0.7679,0.6262,0.4149,0.6176,0.6682,0.1025,0.9316,-0.2182,887.7516,-132.1431,-377.8062,-167.9201,-56.4894,4.2237,24.6211,61.6160,2.3692,-3.5986,-388.2354,-237.9778,-762.0647,1.1611,-353.8376,-814.1870,1.2250,55.7128,0.0630,-0.0227,-32505.0313,-50881.7292,142824.7395,-7.6604,-6.4279,0.0000,0.1745,0.1745,0.0000,0.0000,-0.5236,-0.5236,0.2597,-0.0903,207.6318,208.0581,208.4999,208.9534,221.7394,221.7392,221.7392,221.7391
0.1300,-0.9001,0.1702,0.4011,0.1350,-0.7662,0.6283,0.4143,0.6196,0.6667,0.3667,-0.7520,-0.0798,541.5545,-132.6891,-377.7396,-167.6401,-53.2252,9.3810,30.1402,61.6599,2.4272,4.6395,-162.8895,-474.9757,-202.8456,-1.5519,210.5004,-498.9674,1.2250,56.8727,0.2082,-0.0210,-24259.6848,-54496.5595,165477.7400,-7.6604,-6.4279,0.0000,-0.5236,-0.5236,0.0000,0.0000,0.1745,0.1745,0.1108,0.3840,210.8606,169.1049,169.4429,169.7815,179.1239,221.7392,221.7392,221.7393
0.1400,-0.8961,0.1722,0.4091,0.1409,-0.7637,0.6301,0.4210,0.6222,0.6600,0.4666,-1.0959,0.2474,362.5524,-133.2205,-377.6484,-167.3359,-53.1932,7.9676,30.6839,61.7041,3.8451,3.5098,84.0188,346.4457,66.0339,1.3163,-209.0098,296.2388,1.2250,56.7624,0.1895,0.0045,-10362.7126,-68061.0846,188654.0133,-7.6604,-6.4279,0.0000,0.1745,0.1745,0.0000,0.0000,-0.5236,-0.5236,-0.1030,0.2945,189.4243,188.6067,187.8049,187.0135,221.7397,221.7394,221.7392,221.7391
0.1500,-0.8914,0.1761,0.4177,0.1459,-0.7610,0.6322,0.4291,0.6244,0.6526,0.4474,-1.0825,0.0436,317.2674,-133.7592,-377.5745,-167.0412,-54.4396,7.8346,28.1351,61.7432,2.0214,0.5772,56.4744,-240.5429,199.0185,-0.0281,317.2643,1.4138,1.2250,56.4207,0.1395,-0.0270,6632.8880,-68621.1098,204328.6729,-7.6604,-6.4279,0.0000,-0.5236,-0.5236,0.0000,0.0000,0.1745,0.1745,-0.0045,0.3840,211.0077,163.2137,163.0087,162.8038,172.3368,221.7392,221.7392,221.7392
0.1600,-0.8854,0.1782,0.4293,0.1543,-0.7586,0.6330,0.4385,0.6267,0.6442,0.3455,-1.7161,0.1460,412.7771,-134.2976,-377.4874,-166.7509,-53.0213,9.3165,30.4113,61.7171,2.5427,2.7259,-201.6021,-137.8405,-332.7786,11.3198,-139.8943,-388.1835,1.2250,56.8361,0.1784,-0.0170,23869.1136,-74698.1470,205786.9167,-7.6604,-6.4279,0.0000,0.1745,0.1745,0.0000,0.0000,-0.5236,-0.5236,-0.1745,0.1214,182.5692,182.0252,181.4851,180.9492,221.7402,221.7398,221.7395,221.7394
0.1700,-0.8767,0.1801,0.4461,0.1660,-0.7571,0.6319,0.4515,0.6280,0.6338,0.1854,-2.1132,-0.0827,235.3507,-134.8214,-377.3828,-166.4394,-52.0665,11.8041,31.0794,61.6383,1.2035,3.9310,6.3344,-197.2932,128.1610,19.5683,230.9917,-40.6188,1.2250,57.1859,0.2010,-0.0399,38510.5258,-72803.0339,199210.3872,-7.6604,-6.4279,0.0000,-0.5236,-0.5236,0.0000,0.0000,0.1745,0.1745,-0.1745,0.3840,190.5755,161.1464,161.5708,161.9950,195.5818,221.7404,221.7408,221.7411
0.1800,-0.8681,0.1798,0.4627,0.1788,-0.7564,0.6292,0.4631,0.6290,0.6245,0.0035,-1.7002,-0.0530,293.6757,-135.3454,-377.2720,-166.1342,-52.7924,10.0351,30.0415,61.5347,1.8148,0.6458,111.0351,233.1477,139.8526,10.0611,-68.4250,285.4159,1.2250,56.6605,0.1459,-0.0295,47963.9814,-77424.5633,187804.4990,-7.6604,-6.4279,0.0000,0.1745,0.1745,0.0000,0.0000,-0.5236,-0.5236,-0.1745,0.0131,181.8445,182.0382,182.2324,182.4295,221.7394,221.7395,221.7396,221.7397
0.1900,-0.8618,0.1775,0.4751,0.1892,-0.7566,0.6259,0.4706,0.6293,0.6185,-0.1938,-1.1594,-0.4488,296.1885,-135.8802,-377.1740,-165.8463,-54.1402,10.2236,27.3493,61.4642,-0.1348,-2.4084,101.0573,-132.8932,244.6517,2.8893,272.4532,116.1402,1.2250,56.4413,0.0934,-0.0645,51275.6027,-70957.6589,174659.9235,-7.6604,-6.4279,0.0000,-0.5236,-0.5236,0.0000,0.0000,0.1745,0.1745,-0.0509,0.3840,207.7188,161.8629,163.9899,166.1237,175.5804,221.7391,221.7394,221.7402
0.2000,-0.8579,0.1721,0.4841,0.1991,-0.7573,0.6220,0.4737,0.6300,0.6155,-0.3167,-0.8249,-0.4820,65.8760,-136.4221,-377.0724,-165.5736,-54.1953,9.8838,27.3506,61.4173,0.4194,-3.2570,1.9783,61.9755,-22.2434,0.1053,-60.6072,25.8148,1.2250,56.3881,0.0791,-0.0555,49550.9625,-70876.1766,161561.0631,-7.6604,-6.4279,0.0000,0.1745,0.1745,0.0000,0.0000,-0.5068,-0.5068,0.0121,0.2637,198.5405,180.0563,181.7556,183.5021,203.8561,221.7391,221.7392,221.7398
0.2100,-0.8560,0.1653,0.4898,0.2072,-0.7583,0.6181,0.4736,0.6306,0.6148,-0.3697,-0.3348,-0.7764,257.9543,-136.9669,-376.9725,-165.3058,-54.9606,10.4132,25.7550,61.4025,-0.7398,-4.6482,116.7265,-38.0267,226.8685,-0.3590,191.2057,173.1493,1.2250,56.4291,0.0547,-0.0771,45213.0855,-61925.5712,152894.0559,-7.6604,-6.4279,0.0000,-0.5236,-0.5236,0.0000,0.0000,0.1745,0.1745,0.1074,0.3840,219.0641,163.9883,167.3719,170.8093,162.1546,221.7415,221.7392,221.7405
0.2200,-0.8572,0.1571,0.4904,0.2129,-0.7590,0.6153,0.4688,0.6319,0.6172,-0.3537,0.3316,-0.7047,230.0650,-137.5218,-376.8771,-165.0539,-55.9839,8.5764,24.7324,61.4130,0.3258,-6.9126,98.9021,184.4428,95.5465,-0.7114,-64.0746,220.9611,1.2250,56.3203,0.0142,-0.0595,38637.7987,-61770.6430,148163.4640,-7.6604,-6.4279,0.0000,0.1745,0.1745,0.0000,0.0000,-0.5236,-0.5236,0.0827,0.1458,208.5010,192.8682,194.7591,196.7844,205.6927,221.7391,221.7391,221.7394
0.2300,-0.8613,0.1488,0.4857,0.2151,-0.7593,0.6141,0.4603,0.6334,0.6220,-0.3026,0.8398,-0.8996,182.4567,-138.0866,-376.7930,-164.8147,-56.9502,8.6801,22.8908,61.4559,-0.5681,-8.0936,67.0730,-55.6360,160.3006,4.0388,153.7700,98.1270,1.2250,56.4068,-0.0076,-0.0765,30806.4302,-56272.9626,150033.2648,-7.6604,-6.4279,0.0000,-0.5236,-0.5236,0.0000,0.0000,0.1745,0.1745,0.2618,0.3840,221.7405,177.3043,174.2231,177.6394,168.2010,217.1278,221.7391,221.7395
0.2400,-0.8672,0.1406,0.4776,0.2153,-0.7591,0.6143,0.4490,0.6356,0.6281,-0.1888,1.1108,-0.7118,101.4808,-138.6566,-376.7106,-164.5852,-57.0381,7.7340,23.0758,61.4904,0.7758,-7.9984,0.2621,95.6711,-33.8427,5.1729,-94.1001,37.6398,1.2250,56.3134,-0.0070,-0.0538,21243.1804,-60836.7103,156183.7583,-7.6604,-6.4279,0.0000,0.1745,0.1745,0.0000,0.0000,-0.3957,-0.3957,0.2618,0.3294,221.7411,192.7996,194.5930,196.5282,191.1446,221.7393,221.7391,221.7392
0.2500,-0.8738,0.1338,0.4675,0.2133,-0.7584,0.6159,0.4369,0.6379,0.6342,-0.0693,1.2586,-0.7635,92.3763,-139.2281,-376.6326,-164.3573,-57.2891,8.1777,22.2561,61.5299,0.3293,-7.6294,19.8246,-44.6952,78.3754,7.3865,86.5455,31.4434,1.2250,56.3175,-0.0016,-0.0626,9455.4009,-58943.2802,166151.4448,-7.6604,-6.4279,0.0000,-0.2583,-0.2583,0.0000,0.0000,0.0583,0.0583,0.2618,0.3840,221.7404,187.9870,190.0333,192.2400,186.3680,221.7394,221.7391,221.7392
0.2600,-0.8805,0.1282,0.4563,0.2103,-0.7571,0.6185,0.4248,0.6405,0.6397,0.0475,1.2714,-0.4920,104.5922,-139.8005,-376.5554,-164.1323,-57.1602,7.2634,22.8086,61.5477,1.7812,-6.9989,-22.7114,74.8124,-69.4754,6.2152,-104.0577,-8.5383,1.2250,56.1952,0.0084,-0.0374,-4722.4186,-65912.5895,175567.6596,-7.6604,-6.4279,0.0000,0.1405,0.1405,0.0000,0.0000,-0.3405,-0.3405,0.2618,0.3840,221.7391,195.5296,196.7027,197.9463,194.1359,221.7393,221.7391,221.7391
0.2700,-0.8865,0.1244,0.4457,0.2064,-0.7557,0.6216,0.4141,0.6430,0.6442,0.1078,1.0935,-0.4988,98.5666,-140.3712,-376.4799,-163.9042,-56.9971,8.1498,22.6124,61.5747,1.2896,-5.7700,-29.6706,-93.7842,-6.2891,4.3386,63.1340,-75.5689,1.2250,56.1955,0.0292,-0.0465,-20756.7542,-65980.5465,184572.3236,-7.6604,-6.4279,0.0000,-0.1665,-0.1665,0.0000,0.0000,-0.0335,-0.0335,0.2618,0.3840,221.7391,189.4841,190.8120,192.2093,187.6895,221.7392,221.7391,221.7391
0.2800,-0.8911,0.1218,0.4372,0.2033,-0.7541,0.6245,0.4058,0.6454,0.6472,0.1613,0.7756,-0.2278,138.6662,-140.9382,-376.3994,-163.6717,-56.4220,7.9571,23.8870,61.5866,2.5432,-4.2389,-56.1668,10.2076,-126.3702,0.8493,-96.0943,-99.9675,1.2250,56.1712,0.0557,-0.0244,-36613.4881,-73832.3090,188975.8940,-7.6604,-6.4279,0.0000,0.1745,0.1745,0.0000,0.0000,-0.3961,-0.3961,0.1602,0.3840,216.3983,195.0489,195.6229,196.2117,199.8475,221.7391,221.7391,221.7393
0.2900,-0.8939,0.1206,0.4318,0.2013,-0.7527,0.6269,0.4006,0.6472,0.6486,0.1477,0.3986,-0.2491,119.4705,-141.5005,-376.3149,-163.4308,-56.0629,9.2032,24.0835,61.6134,1.9013,-2.8172,-37.8908,-108.5718,-32.3982,-0.9582,56.1840,-105.4307,1.2250,56.2774,0.0804,-0.0358,-50520.9865,-72932.5079,189169.5912,-7.6604,-6.4279,0.0000,-0.1488,-0.1488,0.0000,0.0000,-0.0512,-0.0512,0.2618,0.3840,216.5676,185.5196,186.2689,187.0341,189.6249,221.7391,221.7391,221.7391
0.3000,-0.8949,0.1199,0.4297,0.2011,-0.7514,0.6284,0.3983,0.6488,0.6484,0.1595,0.0131,-0.0492,122.1236,-142.0583,-376.2227,-163.1837,-55.5232,9.2467,25.2994,61.6262,2.8075,-1.6463,-50.2832,-12.4987,-110.5873,-1.5583,-68.3892,-101.1665,1.2250,56.3613,0.1011,-0.0196,-59706.2665,-77631.1433,183090.1635,-7.6604,-6.4279,0.0000,-0.0153,-0.0153,0.0000,0.0000,-0.1847,-0.1847,0.0241,0.3840,210.0807,187.3147,187.4639,187.6136,199.2299,221.7408,221.7391,221.7391
0.3100,-0.8943,0.1198,0.4311,0.2027,-0.7504,0.6291,0.3989,0.6500,0.6468,0.1054,-0.3490,-0.1567,119.5632,-142.6119,-376.1244,-162.9296,-55.2243,10.6402,25.3172,61.6433,1.8569,-0.7377,-32.3818,-113.9500,-16.1917,-0.6012,71.1097,-96.1166,1.2250,56.5207,0.1173,-0.0363,-64038.2574,-72340.6584,174575.5811,-7.6604,-6.4279,0.0000,-0.1994,-0.1994,0.0000,0.0000,-0.0006,-0.0006,0.1607,0.3840,206.3892,181.5385,182.0690,182.6049,197.4988,221.7391,221.7391,221.7392
0.3200,-0.8923,0.1193,0.4354,0.2066,-0.7496,0.6288,0.4014,0.6510,0.6442,0.0892,-0.6359,-0.0613,76.2415,-143.1620,-376.0174,-162.6719,-54.8115,10.7703,26.1711,61.6383,2.4274,-0.2342,-34.2673,-14.6185,-66.5192,0.8547,-36.4356,-66.9662,1.2250,56.6032,0.1266,-0.0261,-63378.8253,-72935.0846,164590.1790,-7.6604,-6.4279,0.0000,0.0627,0.0627,0.0000,0.0000,-0.2627,-0.2627,-0.0166,0.3840,201.7612,181.9115,182.1224,182.3341,202.9867,221.7391,221.7392,221.7392
0.3300,-0.8892,0.1183,0.4419,0.2123,-0.7490,0.6276,0.4052,0.6519,0.6409,0.0178,-0.8169,-0.2514,91.9049,-143.7095,-375.9045,-162.4115,-54.7255,11.9897,25.7095,61.6269,1.3077,-0.1781,-9.3873,-86.1890,30.4933,2.4090,83.3251,-38.6994,1.2250,56.7037,0.1282,-0.0459,-60047.0108,-65264.5660,157744.0696,-7.6604,-6.4279,0.0000,-0.1151,-0.1151,0.0000,0.0000,-0.0849,-0.0849,0.0682,0.3430,199.7224,177.9577,178.8815,179.8175,201.1019,221.7392,221.7392,221.7395
0.3400,-0.8857,0.1162,0.4494,0.2193,-0.7485,0.6258,0.4091,0.6529,0.6375,-0.0086,-0.8775,-0.2260,16.4789,-144.2560,-375.7854,-162.1527,-54.5944,11.8653,25.9998,61.5952,1.7487,-0.5371,-5.3549,11.1544,-10.8838,2.7366,-16.0772,-2.3638,1.2250,56.6870,0.1226,-0.0383,-54596.2051,-65475.5267,153646.9383,-7.6604,-6.4279,0.0000,0.1652,0.1652,0.0000,0.0000,-0.3652,-0.3652,0.0269,0.2873,196.6247,180.3026,181.1085,181.9246,206.4483,221.7392,221.7392,221.7394
0.3500,-0.8822,0.1132,0.4570,0.2271,-0.7481,0.6236,0.4125,0.6539,0.6342,-0.0758,-0.8272,-0.4479,84.6697,-144.8028,-375.6633,-161.8965,-54.7809,12.7356,25.0746,61.5631,0.6697,-1.1925,17.0747,-46.1049,68.9329,2.8996,81.4977,22.7743,1.2250,56.7126,0.1118,-0.0577,-48411.4257,-59157.2410,154615.5575,-7.6604,-6.4279,0.0000,-0.2113,-0.2113,0.0000,0.0000,0.0113,0.0113,0.0571,0.3327,201.8991,173.8378,175.5828,177.3572,194.6533,221.7391,221.7393,221.7401
0.3600,-0.8792,0.1090,0.4638,0.2350,-0.7476,0.6212,0.4144,0.6552,0.6317,-0.0936,-0.6775,-0.4286,54.0724,-145.3512,-375.5384,-161.6459,-54.9196,12.2773,24.9811,61.5243,1.2029,-2.0653,20.8867,44.2319,23.0457,1.5825,-15.6929,51.7209,1.2250,56.6336,0.0970,-0.0489,-40959.0600,-61701.3661,158349.6401,-7.6604,-6.4279,0.0000,0.0956,0.0956,0.0000,0.0000,-0.2956,-0.2956,-0.0156,0.2938,201.9319,178.0317,179.5828,181.1702,198.5998,221.7391,221.7392,221.7397
0.3700,-0.8771,0.1039,0.4689,0.2424,-0.7471,0.6189,0.4147,0.6565,0.6301,-0.1329,-0.4596,-0.6191,89.6007,-145.9022,-375.4139,-161.4011,-55.3155,12.7850,23.8333,61.4989,0.3462,-3.0087,35.3540,-7.1623,82.0188,1.2659,62.8734,63.8250,1.2250,56.6407,0.0808,-0.0647,-32617.5078,-58247.6870,166078.1636,-7.6604,-6.4279,0.0000,-0.2185,-0.2185,0.0000,0.0000,0.0185,0.0185,0.1166,0.2817,206.0934,176.0245,178.2961,180.6363,192.0242,221.7391,221.7392,221.7402
0.3800,-0.8761,0.0983,0.4720,0.2488,-0.7465,0.6172,0.4130,0.6581,0.6296,-0.1238,-0.2037,-0.5517,79.4681,-146.4568,-375.2900,-161.1635,-55.6037,12.0583,23.6385,61.4768,1.0922,-3.9196,31.8983,67.5378,27.1352,0.0593,-29.4240,73.8200,1.2250,56.5603,0.0649,-0.0522,-22739.6564,-63657.0461,174611.7672,-7.6604,-6.4279,0.0000,0.0348,0.0348,0.0000,0.0000,-0.2348,-0.2348,0.0033,0.2698,207.7192,181.4111,183.2476,185.1520,195.5052,221.7392,221.7392,221.7396
0.3900,-0.8763,0.0924,0.4728,0.2537,-0.7458,0.6160,0.4095,0.6598,0.6301,-0.1289,0.0493,-0.6734,75.3597,-147.0149,-375.1685,-160.9320,-56.0286,12.3581,22.5629,61.4741,0.4955,-4.6583,33.9216,13.1292,66.0002,0.6289,36.8858,65.7124,1.2250,56.5816,0.0518,-0.0635,-11721.3240,-62731.1434,184463.6343,-7.6604,-6.4279,0.0000,-0.0921,-0.0921,0.0000,0.0000,-0.1079,-0.1079,0.2076,0.2150,209.3622,182.9061,185.0565,187.3121,195.1616,221.7391,221.7392,221.7397
0.4000,-0.8776,0.0866,0.4714,0.2572,-0.7449,0.6156,0.4045,0.6615,0.6315,-0.0886,0.2719,-0.5415,73.4889,-147.5764,-375.0493,-160.7062,-56.2665,11.5683,22.5356,61.4721,1.4196,-5.1733,22.6489,69.6840,5.6380,0.3252,-46.2183,57.1347,1.2250,56.5178,0.0424,-0.0479,178.8579,-69764.7371,191619.5427,-7.6604,-6.4279,0.0000,0.0176,0.0176,0.0000,0.0000,-0.2176,-0.2176,0.0786,0.2753,212.4094,186.1357,187.7609,189.4590,195.0241,221.7391,221.7391,221.7393
0.4100,-0.8798,0.0812,0.4684,0.2592,-0.7440,0.6159,0.3985,0.6633,0.6335,-0.0682,0.4340,-0.6003,38.1282,-148.1405,-374.9326,-160.4845,-56.5421,11.8831,21.7343,61.4859,0.9818,-5.3957,16.5019,10.8576,32.6122,1.2915,14.8934,35.0753,1.2250,56.5428,0.0381,-0.0562,11765.1704,-69192.2048,196442.8429,-7.6604,-6.4279,0.0000,0.0270,0.0270,0.0000,0.0000,-0.2270,-0.2270,0.2435,0.2383,212.8802,187.5195,189.2617,191.0959,195.9188,221.7391,221.7391,221.7393
0.4200,-0.8824,0.0766,0.4641,0.2600,-0.7429,0.6169,0.3921,0.6650,0.6356,-0.0135,0.5256,-0.4287,57.8631,-148.7062,-374.8174,-160.2656,-56.5985,11.2434,21.9996,61.4929,1.9431,-5.3504,2.9054,51.9599,-25.2956,1.0279,-55.2001,17.3215,1.2250,56.4906,0.0385,-0.0398,21722.0784,-75055.4204,195725.9754,-7.6604,-6.4279,0.0000,0.0081,0.0081,0.0000,0.0000,-0.2081,-0.2081,0.1283,0.3234,214.9695,188.8504,190.0647,191.3274,194.9585,221.7391,221.7391,221.7392
0.4300,-0.8852,0.0727,0.4594,0.2599,-0.7418,0.6182,0.3857,0.6667,0.6378,0.0070,0.5376,-0.4621,8.6615,-149.2725,-374.7029,-160.0477,-56.6600,11.7524,21.5144,61.5112,1.5079,-5.0442,-4.0441,-7.6248,-0.7277,1.3173,4.8769,-7.0358,1.2250,56.5185,0.0434,-0.0479,28926.5920,-72076.3104,191876.4758,-7.6604,-6.4279,0.0000,0.0296,0.0296,0.0000,0.0000,-0.2296,-0.2296,0.2102,0.3244,215.1238,188.0402,189.3639,190.7434,193.9525,221.7391,221.7391,221.7392
0.4400,-0.8878,0.0695,0.4549,0.2595,-0.7406,0.6198,0.3800,0.6683,0.6395,0.0503,0.4816,-0.2935,56.5022,-149.8385,-374.5876,-159.8297,-56.5334,11.3809,22.0333,61.5186,2.3646,-4.5706,-14.0559,25.2553,-48.5500,0.5853,-52.1282,-21.7900,1.2250,56.4906,0.0513,-0.0330,32743.6339,-74912.6702,184205.0711,-7.6604,-6.4279,0.0000,-0.0047,-0.0047,0.0000,0.0000,-0.1953,-0.1953,0.1057,0.3746,214.5704,188.9488,189.7840,190.6419,195.5983,221.7391,221.7404,221.7391
0.4500,-0.8900,0.0670,0.4510,0.2592,-0.7395,0.6212,0.3752,0.6698,0.6408,0.0486,0.3670,-0.3421,38.7801,-150.4034,-374.4704,-159.6105,-56.4373,12.1318,21.7552,61.5346,1.8197,-3.9777,-17.0421,-28.7577,-19.6586,0.3387,6.9592,-38.1491,1.2250,56.5414,0.0615,-0.0428,33612.3679,-69234.6163,176989.4020,-7.6604,-6.4279,0.0000,0.0527,0.0527,0.0000,0.0000,-0.2527,-0.2527,0.2364,0.3422,212.3067,187.6117,188.6139,189.6487,196.8208,221.7391,221.7391,221.7392
0.4600,-0.8915,0.0649,0.4484,0.2593,-0.7385,0.6224,0.3715,0.6712,0.6415,0.0693,0.2200,-0.2106,58.1977,-150.9666,-374.3501,-159.3895,-56.2172,12.0043,22.3668,61.5388,2.5011,-3.3863,-21.1904,3.5018,-54.0896,-0.2941,-40.2635,-42.0208,1.2250,56.5489,0.0717,-0.0309,31962.6264,-70376.7521,170057.2948,-7.6604,-6.4279,0.0000,0.0069,0.0069,0.0000,0.0000,-0.2069,-0.2069,0.0768,0.3840,212.3390,186.1017,186.7415,187.3925,195.3068,221.7395,221.7391,221.7391
0.4700,-0.8923,0.0629,0.4471,0.2603,-0.7375,0.6232,0.3689,0.6724,0.6417,0.0414,0.0564,-0.2982,48.9980,-151.5280,-374.2258,-159.1669,-56.0705,12.9133,22.1117,61.5487,1.8209,-2.8340,-19.6151,-40.3730,-19.6487,-0.2565,15.3295,-46.5375,1.2250,56.6264,0.0813,-0.0431,28734.3306,-64380.0563,166834.9586,-7.6604,-6.4279,0.0000,0.0900,0.0900,0.0000,0.0000,-0.2900,-0.2900,0.2055,0.2982,207.1990,186.5535,187.4634,188.3953,201.4253,221.7395,221.7391,221.7392
0.4800,-0.8923,0.0608,0.4473,0.2623,-0.7366,0.6235,0.3674,0.6736,0.6413,0.0454,-0.0950,-0.2143,46.7935,-152.0876,-374.0971,-158.9428,-55.8609,12.8997,22.6378,61.5460,2.3494,-2.4248,-18.4442,-4.1877,-42.8007,-0.3638,-26.8696,-38.3082,1.2250,56.6507,0.0886,-0.0339,24060.6569,-66394.9627,165730.1536,-7.6604,-6.4279,0.0000,0.0384,0.0384,0.0000,0.0000,-0.2384,-0.2384,0.0501,0.3840,208.3387,183.4542,184.1479,184.8524,197.1855,221.7391,221.7391,221.7392
0.4900,-0.8918,0.0585,0.4487,0.2653,-0.7357,0.6232,0.3665,0.6748,0.6406,0.0027,-0.2229,-0.3388,39.6994,-152.6457,-373.9637,-158.7182,-55.7590,13.8134,22.2524,61.5456,1.5915,-2.1554,-13.5358,-36.8514,-5.8988,0.1324,22.3402,-32.8167,1.2250,56.7305,0.0934,-0.0474,18315.7981,-62129.7482,168749.1232,-7.6604,-6.4279,0.0000,0.1121,0.1121,0.0000,0.0000,-0.3121,-0.3121,0.1450,0.2845,204.3714,183.3288,184.4354,185.5682,201.2563,221.7391,221.7392,221.7393
0.5000,-0.8907,0.0558,0.4511,0.2692,-0.7349,0.6225,0.3662,0.6759,0.6396,0.0014,-0.3072,-0.2870,25.5690,-153.2027,-373.8261,-158.4936,-55.6361,13.7538,22.5911,61.5330,2.0589,-2.0849,-8.9920,3.2050,-23.7202,0.1862,-18.8893,-17.2317,1.2250,56.7390,0.0949,-0.0394,11240.8009,-66268.9872,173141.7530,-7.6604,-6.4279,0.0000,0.0713,0.0713,0.0000,0.0000,-0.2713,-0.2713,0.0468,0.3565,205.6956,180.9088,181.8873,182.8839,197.5345,221.7391,221.7392,221.7393
0.5100,-0.8895,0.0525,0.4540,0.2739,-0.7341,0.6214,0.3659,0.6770,0.6385,-0.0407,-0.3489,-0.4254,23.8759,-153.7590,-373.6847,-158.2704,-55.6317,14.5376,22.0274,61.5227,1.3217,-2.1579,-2.9956,-21.2287,10.5084,0.6956,22.5407,-7.8416,1.2250,56.7979,0.0938,-0.0527,2955.7583,-64121.1462,179957.6422,-7.6604,-6.4279,0.0000,0.1098,0.1098,0.0000,0.0000,-0.3098,-0.3098,0.1004,0.2772,203.9339,180.4852,181.9446,183.4428,198.8954,221.7391,221.7392,221.7396
0.5200,-0.8881,0.0488,0.4571,0.2789,-0.7332,0.6202,0.3654,0.6782,0.6375,-0.0376,-0.3407,-0.3766,20.8734,-154.3152,-373.5407,-158.0490,-55.6235,14.3284,22.1902,61.5030,1.8291,-2.3928,2.3284,19.2238,-7.7926,0.4462,-19.2668,8.0182,1.2250,56.7775,0.0899,-0.0442,-6390.6760,-69955.0533,185586.0329,-7.6604,-6.4279,0.0000,0.0692,0.0692,0.0000,0.0000,-0.2692,-0.2692,0.0369,0.3302,205.5378,179.5896,180.8994,182.2392,196.3342,221.7391,221.7392,221.7394
0.5300,-0.8868,0.0446,0.4600,0.2841,-0.7323,0.6188,0.3645,0.6795,0.6368,-0.0669,-0.2962,-0.5012,21.3725,-154.8720,-373.3944,-157.8305,-55.7173,14.9293,21.5016,61.4892,1.1894,-2.6978,6.8012,-2.0525,20.1572,0.7323,15.5031,14.6936,1.2250,56.8147,0.0848,-0.0559,-16234.1351,-68682.3094,190554.5723,-7.6604,-6.4279,0.0000,0.0945,0.0945,0.0000,0.0000,-0.2945,-0.2945,0.1000,0.2621,204.9216,179.9013,181.6271,183.4064,197.2107,221.7391,221.7392,221.7397
0.5400,-0.8858,0.0403,0.4623,0.2891,-0.7314,0.6177,0.3630,0.6808,0.6362,-0.0520,-0.2180,-0.4318,35.8451,-155.4295,-373.2472,-157.6148,-55.7997,14.5635,21.5757,61.4701,1.7885,-3.0725,10.3177,34.2955,-1.4938,0.2321,-25.6843,25.0026,1.2250,56.7762,0.0783,-0.0459,-25438.2986,-74268.0496,191383.0371,-7.6604,-6.4279,0.0000,0.0391,0.0391,0.0000,0.0000,-0.2391,-0.2391,0.0215,0.3190,207.1989,180.1000,181.5768,183.0940,194.9498,221.7391,221.7392,221.7395
0.5500,-0.8852,0.0357,0.4638,0.2937,-0.7304,0.6167,0.3608,0.6821,0.6360,-0.0650,-0.1271,-0.5272,25.3510,-155.9883,-373.0993,-157.4026,-55.9447,15.0210,20.8626,61.4608,1.2617,-3.4159,11.2864,11.6478,19.4839,0.4595,5.1862,24.8106,1.2250,56.8039,0.0724,-0.0556,-33147.3200,-71563.0305,189703.2331,-7.6604,-6.4279,0.0000,0.0707,0.0707,0.0000,0.0000,-0.2707,-0.2707,0.1222,0.2611,206.9268,181.0104,182.7755,184.6020,196.1013,221.7415,221.7392,221.7396
0.5600,-0.8850,0.0313,0.4645,0.2976,-0.7293,0.6161,0.3581,0.6835,0.6361,-0.0384,-0.0291,-0.4308,43.0214,-156.5483,-372.9516,-157.1933,-56.0563,14.5726,20.9500,61.4481,1.9372,-3.7357,11.7283,41.0732,-5.1264,0.0082,-33.0908,27.4925,1.2250,56.7634,0.0668,-0.0442,-38173.4976,-74825.9557,183947.2230,-7.6604,-6.4279,0.0000,0.0183,0.0183,0.0000,0.0000,-0.2183,-0.2183,0.0369,0.3176,209.0416,182.0112,183.4254,184.8819,194.7918,221.7406,221.7391,221.7394
0.5700,-0.8852,0.0269,0.4644,0.3009,-0.7282,0.6158,0.3548,0.6849,0.6365,-0.0405,0.0554,-0.4997,20.7155,-157.1095,-372.8037,-156.9872,-56.1861,14.9827,20.3002,61.4466,1.4806,-3.9473,9.1276,15.1278,10.8152,0.3095,-3.3623,20.4385,1.2250,56.7913,0.0630,-0.0527,-40705.4780,-69555.8320,177696.5623,-7.6604,-6.4279,0.0000,0.0211,0.0211,0.0000,0.0000,-0.2211,-0.2211,0.0560,0.2955,209.8697,182.3150,183.9368,185.6161,194.1271,221.7391,221.7391,221.7394
0.5800,-0.8857,0.0230,0.4636,0.3036,-0.7270,0.6159,0.3512,0.6863,0.6369,-0.0101,0.1248,-0.3864,40.9572,-157.6718,-372.6563,-156.7831,-56.2637,14.5544,20.4675,61.4406,2.1743,-4.0842,7.2135,37.6624,-14.3875,-0.0092,-37.0880,17.3774,1.2250,56.7579,0.0605,-0.0409,-40515.8679,-70715.6878,170589.3003,-7.6604,-6.4279,0.0000,-0.0104,-0.0104,0.0000,0.0000,-0.1896,-0.1896,0.0341,0.3184,210.0798,184.3593,185.5723,186.8212,196.0100,221.7392,221.7391,221.7392
0.5900,-0.8865,0.0191,0.4623,0.3057,-0.7258,0.6163,0.3474,0.6877,0.6376,-0.0109,0.1650,-0.4441,9.9590,-158.2348,-372.5083,-156.5814,-56.3295,15.0126,19.9192,61.4447,1.7229,-4.0915,2.8667,9.5334,-0.2814,0.2754,-7.0578,7.0210,1.2250,56.7903,0.0602,-0.0492,-38673.3004,-64359.4216,166178.4360,-7.6604,-6.4279,0.0000,0.0148,0.0148,0.0000,0.0000,-0.2148,-0.2148,0.0866,0.3114,210.6671,183.7498,185.1520,186.6013,194.7140,221.7393,221.7391,221.7393
0.6000,-0.8874,0.0158,0.4608,0.3074,-0.7246,0.6168,0.3436,0.6890,0.6381,0.0138,0.1816,-0.3313,36.2001,-158.7982,-372.3602,-156.3807,-56.3425,14.6796,20.1768,61.4425,2.3758,-4.0315,0.4832,27.5710,-23.4533,-0.0122,-36.1294,2.2624,1.2250,56.7677,0.0611,-0.0381,-35083.8253,-65559.1442,163212.1320,-7.6604,-6.4279,0.0000,-0.0103,-0.0103,0.0000,0.0000,-0.1897,-0.1897,0.0589,0.3399,210.5214,185.0137,186.0411,187.0952,196.2262,221.7392,221.7391,221.7392
0.6100,-0.8882,0.0125,0.4592,0.3090,-0.7234,0.6174,0.3399,0.6903,0.6387,0.0054,0.1678,-0.3943,9.6165,-159.3616,-372.2104,-156.1815,-56.3338,15.2361,19.7170,61.4481,1.8830,-3.8696,-3.6688,-0.2078,-8.8868,0.1735,-6.0300,-7.4891,1.2250,56.8083,0.0638,-0.0470,-30528.4504,-60232.5949,164000.1787,-7.6604,-6.4279,0.0000,0.0134,0.0134,0.0000,0.0000,-0.2134,-0.2134,0.0944,0.3279,210.5043,183.9661,185.2086,186.4885,195.1578,221.7392,221.7391,221.7392
0.6200,-0.8890,0.0096,0.4579,0.3105,-0.7223,0.6180,0.3366,0.6915,0.6391,0.0216,0.1367,-0.2959,33.0895,-159.9247,-372.0594,-155.9825,-56.2898,15.0185,20.0301,61.4460,2.4649,-3.6902,-4.6959,16.7243,-28.1632,-0.1129,-31.6003,-9.8144,1.2250,56.7976,0.0668,-0.0371,-24579.1989,-63070.9939,166170.3566,-7.6604,-6.4279,0.0000,-0.0094,-0.0094,0.0000,0.0000,-0.1906,-0.1906,0.0605,0.3545,209.9934,184.5289,185.4574,186.4072,196.3714,221.7406,221.7391,221.7392
0.6300,-0.8895,0.0066,0.4569,0.3123,-0.7212,0.6184,0.3335,0.6927,0.6394,0.0039,0.0866,-0.3735,16.0697,-160.4874,-371.9057,-155.7846,-56.2314,15.6615,19.6094,61.4498,1.9205,-3.4661,-7.3041,-7.8858,-11.9457,0.0502,-2.6360,-15.8519,1.2250,56.8472,0.0707,-0.0469,-17631.4658,-59660.7481,171129.7957,-7.6604,-6.4279,0.0000,0.0077,0.0077,0.0000,0.0000,-0.2077,-0.2077,0.0716,0.3335,209.5674,183.2096,184.4080,185.6393,195.4737,221.7408,221.7391,221.7393
0.6400,-0.8898,0.0037,0.4563,0.3143,-0.7201,0.6186,0.3309,0.6939,0.6396,0.0136,0.0343,-0.2934,29.9142,-161.0494,-371.7500,-155.5867,-56.1641,15.5214,19.9230,61.4452,2.4402,-3.2846,-6.3049,10.3711,-27.3413,-0.1770,-26.4630,-13.9477,1.2250,56.8446,0.0738,-0.0380,-9424.2247,-64312.8784,175773.0691,-7.6604,-6.4279,0.0000,-0.0108,-0.0108,0.0000,0.0000,-0.1892,-0.1892,0.0455,0.3546,208.8448,183.3722,184.3166,185.2813,196.5118,221.7391,221.7391,221.7392
0.6500,-0.8898,0.0006,0.4563,0.3167,-0.7190,0.6186,0.3284,0.6950,0.6396,-0.0093,-0.0217,-0.3845,15.7233,-161.6107,-371.5910,-155.3900,-56.0937,16.1970,19.4884,61.4451,1.8666,-3.1084,-7.2253,-9.8210,-9.9279,0.0582,0.1572,-15.7224,1.2250,56.8987,0.0769,-0.0484,-471.6968,-62318.2688,180986.6420,-7.6604,-6.4279,0.0000,0.0388,0.0388,0.0000,0.0000,-0.2388,-0.2388,0.1134,0.3193,207.8236,182.0578,183.3231,184.6222,196.2886,221.7391,221.7392,221.7393
0.6600,-0.8896,-0.0025,0.4567,0.3195,-0.7179,0.6185,0.3263,0.6961,0.6395,-0.0017,-0.0654,-0.3171,25.4379,-162.1713,-371.4299,-155.1935,-56.0391,16.0706,19.7600,61.4366,2.3585,-3.0150,-4.5002,10.3840,-22.7817,-0.1123,-23.3023,-10.2018,1.2250,56.8959,0.0785,-0.0400,8732.3893,-67689.8862,183487.4605,-7.6604,-6.4279,0.0000,0.0088,0.0088,0.0000,0.0000,-0.2088,-0.2088,0.0572,0.3518,207.8408,181.7421,182.7952,183.8712,196.0064,221.7391,221.7392,221.7393
0.6700,-0.8892,-0.0059,0.4574,0.3227,-0.7168,0.6181,0.3242,0.6972,0.6394,-0.0247,-0.1020,-0.4133,9.3454,-162.7315,-371.2656,-154.9987,-55.9870,16.7182,19.2817,61.4323,1.7919,-2.9479,-4.4285,-6.0375,-5.5922,0.1766,0.4553,-9.3326,1.2250,56.9472,0.0797,-0.0503,17337.4392,-65569.7697,184541.0092,-7.6604,-6.4279,0.0000,0.0395,0.0395,0.0000,0.0000,-0.2395,-0.2395,0.0964,0.3127,207.0828,180.7327,182.1274,183.5599,195.7864,221.7391,221.7392,221.7394
0.6800,-0.8887,-0.0094,0.4584,0.3261,-0.7157,0.6176,0.3223,0.6983,0.6391,-0.0148,-0.1187,-0.3483,23.1752,-163.2912,-371.0994,-154.8046,-55.9676,16.5531,19.4980,61.4204,2.2924,-2.9706,-0.7819,15.1498,-17.5204,-0.0118,-23.0705,-2.2003,1.2250,56.9375,0.0794,-0.0418,24363.9048,-69971.8554,181886.5076,-7.6604,-6.4279,0.0000,0.0085,0.0085,0.0000,0.0000,-0.2085,-0.2085,0.0493,0.3431,207.3202,180.7154,181.8940,183.0995,195.5522,221.7391,221.7392,221.7393
0.6900,-0.8881,-0.0131,0.4595,0.3297,-0.7146,0.6169,0.3202,0.6994,0.6390,-0.0337,-0.1251,-0.4400,1.9693,-163.8508,-370.9305,-154.6127,-55.9473,17.1355,18.9749,61.4134,1.7604,-3.0106,-0.5786,0.8572,-1.6759,0.2598,-1.7771,-0.8078,1.2250,56.9816,0.0787,-0.0515,29370.7320,-66310.7578,178153.2536,-7.6604,-6.4279,0.0000,0.0246,0.0246,0.0000,0.0000,-0.2246,-0.2246,0.0696,0.3111,207.1494,179.8962,181.4053,182.9530,194.8753,221.7391,221.7392,221.7395
0.7000,-0.8875,-0.0168,0.4605,0.3333,-0.7134,0.6164,0.3182,0.7005,0.6388,-0.0199,-0.1125,-0.3690,25.5757,-164.4104,-370.7605,-154.4218,-55.9671,16.9109,19.1486,61.4002,2.2890,-3.1199,2.9369,21.2088,-13.9885,0.0119,-24.9796,5.4898,1.2250,56.9640,0.0769,-0.0426,31880.4312,-69016.7996,172377.2731,-7.6604,-6.4279,0.0000,-0.0058,-0.0058,0.0000,0.0000,-0.1942,-0.1942,0.0362,0.3351,207.3616,180.5280,181.7797,183.0614,195.3078,221.7391,221.7392,221.7394
0.7100,-0.8869,-0.0207,0.4614,0.3370,-0.7122,0.6158,0.3159,0.7017,0.6387,-0.0334,-0.0943,-0.4509,7.4926,-164.9701,-370.5882,-154.2336,-55.9728,17.4276,18.6016,61.3931,1.7979,-3.2164,2.3802,7.1034,-0.1269,0.2426,-5.1974,5.3914,1.2250,57.0017,0.0752,-0.0516,32358.8307,-63991.5210,167844.9763,-7.6604,-6.4279,0.0000,0.0076,0.0076,0.0000,0.0000,-0.2076,-0.2076,0.0582,0.3079,207.4926,179.9873,181.5288,183.1110,194.5794,221.7391,221.7392,221.7395
0.7200,-0.8865,-0.0244,0.4621,0.3404,-0.7110,0.6153,0.3136,0.7028,0.6386,-0.0165,-0.0643,-0.3712,28.8870,-165.5301,-370.4155,-154.0466,-56.0180,17.1591,18.7595,61.3809,2.3513,-3.3501,5.0364,25.1909,-13.2103,-0.0325,-27.3172,9.3930,1.2250,56.9799,0.0729,-0.0422,30827.2404,-65976.7448,163547.1544,-7.6604,-6.4279,0.0000,-0.0217,-0.0217,0.0000,0.0000,-0.1783,-0.1783,0.0320,0.3297,207.6778,181.0479,182.2939,183.5706,195.4720,221.7391,221.7392,221.7394
0.7300,-0.8861,-0.0283,0.4626,0.3437,-0.7097,0.6150,0.3109,0.7039,0.6386,-0.0264,-0.0370,-0.4438,10.7519,-166.0903,-370.2409,-153.8623,-56.0309,17.6383,18.2153,61.3757,1.8881,-3.4391,3.3232,10.1570,-1.1805,0.1789,-8.1335,7.0297,1.2250,57.0147,0.0713,-0.0507,27964.0506,-61000.9583,162136.9072,-7.6604,-6.4279,0.0000,-0.0075,-0.0075,0.0000,0.0000,-0.1925,-0.1925,0.0570,0.3072,207.9319,180.6162,182.1141,183.6523,194.7207,221.7391,221.7392,221.7395
0.7400,-0.8859,-0.0319,0.4628,0.3466,-0.7084,0.6148,0.3083,0.7051,0.6387,-0.0086,-0.0064,-0.3585,29.8884,-166.6509,-370.0661,-153.6791,-56.0801,17.3605,18.3819,61.3656,2.4481,-3.5393,4.9867,25.5612,-14.6653,-0.0783,-28.6073,8.6564,1.2250,56.9934,0.0696,-0.0412,23704.4535,-63686.7424,161755.7314,-7.6604,-6.4279,0.0000,-0.0333,-0.0333,0.0000,0.0000,-0.1667,-0.1667,0.0366,0.3288,208.0161,181.7831,182.9692,184.1846,195.8395,221.7391,221.7392,221.7393
0.7500,-0.8858,-0.0356,0.4627,0.3495,-0.7071,0.6147,0.3054,0.7062,0.6388,-0.0177,0.0140,-0.4264,10.5775,-167.2117,-369.8895,-153.4985,-56.0799,17.8387,17.8594,61.3626,1.9917,-3.5759,2.3263,9.5897,-3.8090,0.1277,-9.5539,4.5377,1.2250,57.0286,0.0689,-0.0496,18442.8945,-59856.9667,164224.1076,-7.6604,-6.4279,0.0000,-0.0164,-0.0164,0.0000,0.0000,-0.1836,-0.1836,0.0643,0.3095,208.2334,181.2540,182.6726,184.1322,195.0321,221.7391,221.7392,221.7394
0.7600,-0.8858,-0.0390,0.4625,0.3520,-0.7059,0.6147,0.3025,0.7073,0.6389,-0.0013,0.0324,-0.3409,28.7168,-167.7727,-369.7126,-153.3188,-56.1160,17.5840,18.0469,61.3546,2.5386,-3.6147,3.4118,22.8992,-16.9895,-0.1008,-28.3128,4.7988,1.2250,57.0105,0.0682,-0.0403,12073.0645,-63842.9175,166942.4264,-7.6604,-6.4279,0.0000,-0.0388,-0.0388,0.0000,0.0000,-0.1612,-0.1612,0.0455,0.3320,208.1973,182.2513,183.3693,184.5141,196.1245,221.7391,221.7392,221.7393
0.7700,-0.8858,-0.0425,0.4622,0.3546,-0.7046,0.6147,0.2995,0.7084,0.6391,-0.0121,0.0374,-0.4095,9.4538,-168.3337,-369.5336,-153.1415,-56.0909,18.0865,17.5512,61.3529,2.0727,-3.5890,0.3808,6.7802,-6.5772,0.0966,-9.4523,0.1403,1.2250,57.0483,0.0685,-0.0488,4891.0554,-61197.9770,171134.1169,-7.6604,-6.4279,0.0000,-0.0209,-0.0209,0.0000,0.0000,-0.1791,-0.1791,0.0714,0.3128,208.2736,181.5389,182.8946,184.2884,195.2906,221.7391,221.7392,221.7394
0.7800,-0.8858,-0.0457,0.4618,0.3569,-0.7033,0.6148,0.2967,0.7094,0.6393,0.0016,0.0397,-0.3284,26.8561,-168.8947,-369.3540,-152.9648,-56.1081,17.8703,17.7579,61.3457,2.5961,-3.5738,1.4986,19.0725,-18.8478,-0.1127,-26.8533,0.3698,1.2250,57.0343,0.0688,-0.0399,-2810.6104,-65981.1843,173776.6099,-7.6604,-6.4279,0.0000,-0.0412,-0.0412,0.0000,0.0000,-0.1588,-0.1588,0.0516,0.3352,208.1151,182.2817,183.3584,184.4600,196.2660,221.7391,221.7392,221.7393
0.7900,-0.8858,-0.0492,0.4615,0.3593,-0.7020,0.6149,0.2938,0.7105,0.6395,-0.0116,0.0299,-0.4008,9.3067,-169.4555,-369.1720,-152.7903,-56.0586,18.4022,17.2818,61.3440,2.1163,-3.5065,-1.3286,3.8030,-8.3896,0.0789,-8.5651,-3.6396,1.2250,57.0751,0.0699,-0.0486,-10521.5910,-63542.8430,175993.5983,-7.6604,-6.4279,0.0000,-0.0242,-0.0242,0.0000,0.0000,-0.1758,-0.1758,0.0722,0.3142,208.0430,181.4105,182.7414,184.1088,195.4358,221.7391,221.7392,221.7394
0.8000,-0.8857,-0.0524,0.4613,0.3617,-0.7007,0.6149,0.2910,0.7115,0.6396,-0.0001,0.0204,-0.3254,25.2493,-170.0161,-368.9890,-152.6162,-56.0618,18.2198,17.4969,61.3364,2.6179,-3.4670,0.2707,16.0325,-19.5041,-0.1171,-25.1259,-2.4902,1.2250,57.0644,0.0706,-0.0401,-17426.8257,-67844.6216,175132.7327,-7.6604,-6.4279,0.0000,-0.0434,-0.0434,0.0000,0.0000,-0.1566,-0.1566,0.0520,0.3355,207.7939,181.9551,183.0294,184.1280,196.3114,221.7391,221.7392,221.7393
0.8100,-0.8855,-0.0558,0.4612,0.3643,-0.6994,0.6149,0.2883,0.7125,0.6397,-0.0149,0.0027,-0.4016,9.3876,-170.5764,-368.8033,-152.4443,-55.9968,18.7689,17.0277,61.3337,2.1300,-3.3920,-2.0503,2.2592,-8.8781,0.0795,-7.7916,-5.2357,1.2250,57.1072,0.0718,-0.0489,-23065.0789,-64304.9597,173128.8753,-7.6604,-6.4279,0.0000,-0.0275,-0.0275,0.0000,0.0000,-0.1725,-0.1725,0.0685,0.3126,207.6409,180.9944,182.3428,183.7241,195.4833,221.7391,221.7392,221.7394
0.8200,-0.8853,-0.0591,0.4612,0.3669,-0.6982,0.6148,0.2857,0.7135,0.6397,-0.0044,-0.0100,-0.3306,24.0920,-171.1364,-368.6166,-152.2729,-55.9970,18.6026,17.2389,61.3249,2.6195,-3.3613,0.1591,14.8594,-18.9631,-0.1071,-23.9139,-2.9225,1.2250,57.0976,0.0723,-0.0407,-26721.2607,-67132.7761,168439.6766,-7.6604,-6.4279,0.0000,-0.0463,-0.0463,0.0000,0.0000,-0.1537,-0.1537,0.0490,0.3327,207.3728,181.4621,182.5642,183.6911,196.2963,221.7391,221.7392,221.7393
0.8300,-0.8850,-0.0626,0.4614,0.3697,-0.6968,0.6146,0.2830,0.7145,0.6398,-0.0193,-0.0267,-0.4083,8.9107,-171.6960,-368.4271,-152.1036,-55.9279,19.1497,16.7653,61.3207,2.1338,-3.3070,-1.6770,2.6382,-8.3444,0.0976,-7.6955,-4.4912,1.2250,57.1405,0.0733,-0.0495,-28594.7209,-62113.3246,163936.3080,-7.6604,-6.4279,0.0000,-0.0310,-0.0310,0.0000,0.0000,-0.1690,-0.1690,0.0646,0.3088,207.2223,180.5089,181.8933,183.3108,195.4739,221.7391,221.7392,221.7395
0.8400,-0.8846,-0.0659,0.4616,0.3724,-0.6955,0.6144,0.2806,0.7155,0.6398,-0.0085,-0.0350,-0.3387,23.5617,-172.2553,-368.2366,-151.9348,-55.9351,18.9806,16.9645,61.3107,2.6218,-3.3054,0.9826,15.4669,-17.7471,-0.0884,-23.5199,-1.3985,1.2250,57.1299,0.0733,-0.0412,-28478.1933,-63808.9579,158613.8871,-7.6604,-6.4279,0.0000,-0.0504,-0.0504,0.0000,0.0000,-0.1496,-0.1496,0.0457,0.3287,207.0093,181.0087,182.1480,183.3129,196.2540,221.7391,221.7392,221.7394
0.8500,-0.8842,-0.0695,0.4620,0.3754,-0.6942,0.6141,0.2780,0.7164,0.6399,-0.0222,-0.0449,-0.4153,8.6438,-172.8143,-368.0433,-151.7684,-55.8697,19.5105,16.4810,61.3052,2.1466,-3.2832,-0.6087,4.3773,-7.4287,0.1163,-8.3184,-2.3466,1.2250,57.1713,0.0737,-0.0498,-27044.2520,-58254.0620,155266.5203,-7.6604,-6.4279,0.0000,-0.0356,-0.0356,0.0000,0.0000,-0.1644,-0.1644,0.0618,0.3050,206.9241,180.1377,181.5561,183.0081,195.4432,221.7391,221.7392,221.7395
0.8600,-0.8837,-0.0729,0.4624,0.3783,-0.6929,0.6138,0.2756,0.7174,0.6399,-0.0105,-0.0451,-0.3448,23.7679,-173.3731,-367.8493,-151.6025,-55.8891,19.3278,16.6667,61.2943,2.6394,-3.3128,2.1984,16.9574,-16.5084,-0.0769,-23.7522,0.8623,1.2250,57.1589,0.0732,-0.0415,-24207.9915,-60058.6160,152436.0976,-7.6604,-6.4279,0.0000,-0.0559,-0.0559,0.0000,0.0000,-0.1441,-0.1441,0.0434,0.3252,206.7934,180.7336,181.9024,183.0944,196.2284,221.7391,221.7392,221.7394
