Controller Output Text File - Flex w/o Rot ICs
File Created on: 20/05/2019 14:27 
controller version: 1.1.0 
time, dcm0_0, dcm0_1, dcm0_2, dcm1_0, dcm1_1, dcm1_2, dcm2_0, dcm2_1, dcm2_2, acc_norm_f, pqr_f.x, pqr_f.y, pqr_f.z, Xg.x, Xg.y, Xg.z, Vg.x, Vg.y, Vg.z, Vb.x, Vb.y, Vb.z, Ag.x, Ag.y, Ag.z, Ab_f.x, Ab_f.y, Ab_f.z, rho, sph_f.v, sph_f.alpha, sph_f.beta, tether_force_b.vector_f.x, tether_force_b.vector_f.y, tether_force_b.vector_f.z, wind_g.vector.x, wind_g.vector.y, wind_g.vector.z, flaps[0], flaps[1], flaps[2], flaps[3], flaps[4], flaps[5], flaps[6], flaps[7], rotors[0], rotors[1], rotors[2], rotors[3], rotors[4], rotors[5], rotors[6], rotors[7]
0.0000,-0.8610,0.1192,0.4944,0.2349,-0.7690,0.5945,0.4511,0.6280,0.6341,0.0154,-0.0032,-0.0129,0.0019,-125.4898,-378.4509,-171.1077,-54.4957,5.0564,28.4869,61.6086,0.2451,-3.3413,0.0003,-0.0007,-0.0017,-0.0012,-0.0003,-0.0014,1.2250,56.0083,0.0311,-0.0621,2805.7652,-60268.6961,152862.8604,-7.6604,-6.4279,0.0000,-0.2393,-0.2393,0.0000,0.0000,0.0393,0.0393,0.1588,0.3730,206.3966,193.5347,193.5701,193.6055,209.3777,221.7398,221.7395,221.7392
0.0100,-0.8607,0.1189,0.4950,0.2361,-0.7682,0.5951,0.4510,0.6291,0.6332,0.3250,-0.1936,0.3021,735.4825,-126.0328,-378.4042,-170.8183,-53.5701,3.9969,30.7214,61.7912,2.5622,-2.1944,238.5735,-485.0015,498.7892,-16.1064,725.7248,118.3155,1.2250,56.2155,0.0524,-0.1044,-19411.6344,-68888.7379,196497.9665,-7.6604,-6.4279,0.0000,-0.5236,-0.5236,0.0000,0.0000,0.1745,0.1745,0.1287,0.3840,219.0711,176.5614,175.4585,174.3751,176.0460,221.7391,221.7392,221.7391
0.0200,-0.8598,0.1164,0.4972,0.2406,-0.7665,0.5955,0.4504,0.6317,0.6310,0.0779,-0.1021,-0.0735,842.6362,-126.5702,-378.3772,-170.5147,-54.1719,4.9262,29.2741,61.7052,0.6213,-2.8137,-229.4020,548.6427,-596.9938,-35.7444,-831.2330,-133.4531,1.2250,56.1177,0.0377,-0.0781,-41415.0926,-48471.1305,199345.7476,-7.6604,-6.4279,0.0000,0.1745,0.1745,0.0000,0.0000,-0.5236,-0.5236,0.0391,-0.0659,198.8590,199.0458,199.2342,199.4241,221.7400,221.7392,221.7391,221.7391
0.0300,-0.8603,0.1182,0.4959,0.2383,-0.7667,0.5961,0.4507,0.6310,0.6315,-0.0194,-0.0232,-0.1808,105.8337,-127.1152,-378.3274,-170.2295,-54.2717,4.4233,29.0295,61.6084,0.9780,-3.3385,-18.1863,73.5839,-73.8610,-12.2913,-104.7808,-8.4066,1.2250,55.9738,0.0302,-0.0803,-54525.0812,-96430.9762,177235.2879,-7.6604,-6.4279,0.0000,0.0018,0.0018,0.0000,0.0000,-0.2018,-0.2018,0.0416,0.0648,199.3150,199.7592,200.2129,200.6763,221.7391,221.7391,221.7398,221.7391
0.0400,-0.8615,0.1224,0.4928,0.2335,-0.7664,0.5984,0.4510,0.6306,0.6317,-0.1817,-0.0078,-0.6996,75.2027,-127.6630,-378.2676,-169.9515,-54.9538,6.5349,27.3406,61.6154,-1.4765,-3.3902,28.9996,-40.9376,56.0230,-2.3831,71.6704,22.6522,1.2250,56.1444,0.0307,-0.0270,-76842.1041,-45160.6780,199072.4855,-7.6604,-6.4279,0.0000,-0.5236,-0.5236,0.0000,0.0000,0.1745,0.1745,0.1694,-0.0193,203.7095,192.0497,193.9943,196.0690,209.6291,221.7391,221.7391,221.7395
0.0500,-0.8633,0.1287,0.4879,0.2258,-0.7661,0.6017,0.4513,0.6297,0.6323,-0.0091,0.0044,-1.1262,318.7740,-128.2133,-378.1991,-169.6803,-55.4135,8.0571,26.1057,61.6155,-2.9784,-3.4261,-60.4580,253.7717,-183.1983,-4.5213,-318.3055,16.6733,1.2250,56.3176,0.0342,0.0143,-57763.0650,-97768.8595,130690.5371,-7.6604,-6.4279,0.0000,0.1745,0.1745,0.0000,0.0000,-0.5236,-0.5236,0.0420,-0.3840,195.6914,198.1605,201.0125,204.2026,221.7413,221.7391,221.7392,221.7391
0.0600,-0.8652,0.1353,0.4829,0.2176,-0.7663,0.6045,0.4518,0.6281,0.6335,-0.3626,-0.0104,-0.4786,251.7926,-128.7626,-378.1330,-169.4068,-54.3684,4.6661,28.8768,61.6134,2.0496,-3.3399,49.9061,-196.6132,149.1715,2.2639,251.7001,-6.4399,1.2250,56.0230,0.0437,-0.0593,-61389.3759,-51727.3689,130572.0504,-7.6604,-6.4279,0.0000,-0.5236,-0.5236,0.0000,0.0000,0.1745,0.1745,0.1798,0.3840,221.7391,168.2914,170.2077,172.1583,162.8612,221.7391,221.7391,221.7392
0.0700,-0.8669,0.1420,0.4778,0.2083,-0.7676,0.6061,0.4528,0.6250,0.6359,-0.4920,-0.0182,-1.3223,590.9430,-129.3117,-378.0673,-169.1332,-55.5433,8.9192,25.5115,61.6074,-2.9543,-3.3525,-111.7634,459.5935,-354.2546,-7.1084,-590.7910,11.3619,1.2250,56.3838,0.0470,0.0467,-63038.3821,-43175.3297,134764.9913,-7.6604,-6.4279,0.0000,0.1745,0.1745,0.0000,0.0000,-0.5236,-0.5236,0.0425,-0.3840,194.5549,197.4068,200.7893,204.6317,221.7391,221.7392,221.7392,221.7391
0.0800,-0.8692,0.1513,0.4707,0.1956,-0.7692,0.6084,0.4541,0.6209,0.6390,-0.4299,-0.0280,-0.9022,400.6109,-129.8655,-377.9823,-168.8743,-55.0131,7.2018,26.9153,61.5774,0.0782,-3.3104,79.6155,-309.1037,242.0855,-2.0316,400.6043,-1.0801,1.2250,56.1469,0.0571,0.0167,-35261.9949,-80258.9568,80496.9834,-7.6604,-6.4279,0.0000,-0.5236,-0.5236,0.0000,0.0000,0.1745,0.1745,0.1779,0.3840,221.7391,168.2209,171.8020,175.5001,163.4093,221.7391,221.7391,221.7402
0.0900,-0.8708,0.1580,0.4656,0.1869,-0.7694,0.6107,0.4548,0.6189,0.6404,-0.1794,-0.0228,-0.9828,375.3726,-130.4156,-377.9104,-168.6051,-55.2352,8.1231,26.1825,61.5713,-0.5854,-3.3252,-66.1092,291.3462,-227.2698,-2.2158,-375.3369,4.6814,1.2250,56.2193,0.0624,0.0447,-42750.4571,-18026.6739,107524.7685,-7.6604,-6.4279,0.0000,0.1745,0.1745,0.0000,0.0000,-0.5236,-0.5236,0.0517,-0.3840,195.7788,197.9922,200.4948,203.2560,221.7405,221.7391,221.7392,221.7407
0.1000,-0.8722,0.1644,0.4608,0.1793,-0.7689,0.6137,0.4552,0.6179,0.6411,0.0055,-0.0085,-0.4527,425.6210,-130.9667,-377.8341,-168.3395,-54.7819,6.1785,27.6864,61.5515,2.4160,-3.3671,73.0461,-330.9994,257.4042,0.4988,425.5749,-6.2459,1.2250,56.0882,0.0673,0.0059,-31625.2551,-58911.0884,95089.0383,-7.6604,-6.4279,0.0000,-0.5236,-0.5236,0.0000,0.0000,0.1745,0.1745,0.1854,0.3840,221.3573,172.4672,174.1663,175.9018,168.2290,221.7391,221.7391,221.7392
0.1100,-0.8729,0.1674,0.4584,0.1762,-0.7679,0.6159,0.4551,0.6183,0.6408,0.0415,0.0046,-0.5389,464.6957,-131.5150,-377.7715,-168.0635,-55.1052,7.4124,26.6731,61.5658,1.0285,-3.4025,-81.2595,358.5134,-284.2659,0.6433,-464.6882,2.5477,1.2250,56.1606,0.0690,0.0370,-27440.2410,-50686.2613,102797.0174,-7.6604,-6.4279,0.0000,0.1745,0.1745,0.0000,0.0000,-0.5236,-0.5236,0.0615,-0.2495,197.6458,198.9199,200.2805,201.7203,221.7393,221.7391,221.7391,221.7393
0.1200,-0.8737,0.1710,0.4554,0.1725,-0.7665,0.6187,0.4548,0.6191,0.6402,0.2309,0.0126,-0.2283,341.9415,-132.0664,-377.6964,-167.7976,-54.9465,6.6413,27.2612,61.5577,2.2999,-3.4275,57.8621,-263.2697,210.3927,0.2367,341.9357,-1.9872,1.2250,56.1244,0.0714,0.0218,-33512.7953,-22576.3697,169114.2815,-7.6604,-6.4279,0.0000,-0.5236,-0.5236,0.0000,0.0000,0.1745,0.1745,0.1911,0.3840,220.3353,175.2231,176.0510,176.8847,172.8425,221.7391,221.7391,221.7391
0.1300,-0.8739,0.1716,0.4547,0.1731,-0.7643,0.6212,0.4542,0.6216,0.6383,0.3470,0.0131,-0.1214,236.3172,-132.6151,-377.6336,-167.5220,-54.9824,6.7508,27.1924,61.5750,2.2137,-3.4187,-39.1245,184.3549,-142.5776,0.9993,-236.2435,5.8182,1.2250,56.1469,0.0717,0.0230,-16076.9958,-85349.4102,139862.2762,-7.6604,-6.4279,0.0000,0.1745,0.1745,0.0000,0.0000,-0.4949,-0.4949,0.0679,0.2903,204.1902,194.7581,195.0857,195.4174,212.5957,221.7399,221.7407,221.7391
0.1400,-0.8740,0.1717,0.4545,0.1745,-0.7621,0.6235,0.4534,0.6243,0.6361,0.3754,0.0120,0.1688,212.0239,-133.1644,-377.5682,-167.2482,-54.7590,5.7948,27.9901,61.5779,3.4827,-3.4072,36.9917,-161.6084,132.1684,-0.0201,212.0239,-0.0344,1.2250,56.1348,0.0717,-0.0012,-7703.8706,-38931.7746,177095.3226,-7.6604,-6.4279,0.0000,-0.5236,-0.5236,0.0000,0.0000,0.1745,0.1745,0.1978,0.3840,221.5465,175.4985,174.8839,174.2748,171.1279,221.7391,221.7410,221.7391
0.1500,-0.8738,0.1706,0.4553,0.1773,-0.7602,0.6250,0.4528,0.6269,0.6341,0.2822,0.0075,-0.0168,312.1472,-133.7127,-377.5077,-166.9703,-55.0349,6.9849,27.0396,61.5945,1.8353,-3.3937,-52.7790,241.3020,-190.8496,0.3894,-312.0822,6.3592,1.2250,56.1728,0.0705,0.0236,5990.2536,-55723.7448,189390.5200,-7.6604,-6.4279,0.0000,0.1745,0.1745,0.0000,0.0000,-0.5236,-0.5236,0.0468,-0.0208,199.4879,199.5303,199.5728,199.6153,221.7391,221.7392,221.7394,221.7399
0.1600,-0.8739,0.1707,0.4552,0.1781,-0.7588,0.6265,0.4523,0.6285,0.6327,0.1779,-0.0002,0.0759,141.7574,-134.2630,-377.4375,-166.7000,-54.9259,6.6020,27.3953,61.5957,2.3683,-3.3622,25.4090,-107.2190,89.1831,0.0941,141.7564,0.5298,1.2250,56.1632,0.0709,0.0131,16524.2181,-85069.7741,164496.2633,-7.6604,-6.4279,0.0000,-0.5236,-0.5236,0.0000,0.0000,0.1745,0.1745,0.1985,0.3840,210.6341,187.4764,187.2470,187.0191,198.9267,221.7403,221.7392,221.7391
0.1700,-0.8738,0.1706,0.4553,0.1788,-0.7581,0.6272,0.4521,0.6295,0.6319,0.0572,-0.0071,-0.1536,236.6876,-134.8128,-377.3693,-166.4277,-55.1580,7.6074,26.5927,61.6049,1.0464,-3.3460,-39.8261,183.0465,-144.6682,0.1477,-236.6167,5.7917,1.2250,56.2155,0.0709,0.0356,31858.4151,-42360.8965,199536.3832,-7.6604,-6.4279,0.0000,0.1745,0.1745,0.0000,0.0000,-0.5236,-0.5236,0.0337,-0.0624,198.7453,199.1285,199.5186,199.9154,221.7391,221.7394,221.7391,221.7391
0.1800,-0.8741,0.1718,0.4544,0.1775,-0.7578,0.6279,0.4522,0.6295,0.6318,-0.0227,-0.0138,-0.1199,75.7327,-135.3641,-377.2940,-166.1610,-55.0507,7.2135,26.9535,61.6052,1.6881,-3.3243,13.1854,-57.1602,47.8989,0.4192,75.7312,0.2452,1.2250,56.1998,0.0724,0.0269,34610.6821,-86096.6557,169326.8457,-7.6604,-6.4279,0.0000,-0.3268,-0.3268,0.0000,0.0000,0.1268,0.1268,0.1778,0.2460,204.7904,192.2594,192.5957,192.9362,209.6336,221.7392,221.7391,221.7391
0.1900,-0.8744,0.1738,0.4529,0.1748,-0.7579,0.6285,0.4525,0.6287,0.6324,-0.1774,-0.0175,-0.4781,261.3850,-135.9158,-377.2169,-165.8955,-55.3887,8.6943,25.7534,61.6097,-0.0883,-3.3126,-42.7520,201.3441,-161.1053,-0.5810,-261.3292,5.3664,1.2250,56.3019,0.0743,0.0634,38009.6363,-66727.1834,162130.9394,-7.6604,-6.4279,0.0000,0.1745,0.1745,0.0000,0.0000,-0.5236,-0.5236,0.0277,-0.3362,197.2535,198.4083,199.6305,200.9148,221.7392,221.7391,221.7391,221.7393
0.2000,-0.8752,0.1777,0.4499,0.1695,-0.7584,0.6294,0.4531,0.6271,0.6336,-0.2193,-0.0208,-0.4800,67.0713,-136.4696,-377.1301,-165.6377,-55.3197,8.4539,25.9737,61.6047,0.5582,-3.3045,11.3999,-51.1100,41.9090,-0.2065,67.0702,-0.3310,1.2250,56.2806,0.0781,0.0617,41004.7772,-58628.4809,165517.4099,-7.6604,-6.4279,0.0000,-0.5236,-0.5236,0.0000,0.0000,0.1745,0.1745,0.1293,0.1553,207.5601,187.4406,188.8818,190.3751,201.6162,221.7391,221.7391,221.7393
0.2100,-0.8761,0.1822,0.4464,0.1634,-0.7589,0.6304,0.4537,0.6252,0.6351,-0.2715,-0.0234,-0.7437,187.9918,-137.0235,-377.0421,-165.3808,-55.5565,9.5840,25.0551,61.6031,-0.5564,-3.3000,-27.0736,145.3046,-116.1659,-1.6657,-187.9235,4.7861,1.2250,56.3753,0.0825,0.0926,35050.5946,-71938.7346,145454.8462,-7.6604,-6.4279,0.0000,0.0062,0.0062,0.0000,0.0000,-0.2062,-0.2062,0.0243,-0.2537,196.0535,197.8031,199.7149,201.7757,221.7394,221.7391,221.7391,221.7398
0.2200,-0.8771,0.1878,0.4421,0.1560,-0.7592,0.6319,0.4543,0.6232,0.6366,-0.2201,-0.0249,-0.6581,70.3881,-137.5786,-376.9479,-165.1288,-55.4419,9.1326,25.4429,61.5908,0.4964,-3.2986,11.2097,-54.2073,43.4787,-0.7889,70.3764,-1.0125,1.2250,56.3253,0.0875,0.0876,32926.4145,-55110.4217,148991.3916,-7.6604,-6.4279,0.0000,-0.5236,-0.5236,0.0000,0.0000,0.1745,0.1745,0.1705,0.0390,205.2990,188.2132,190.1577,192.2108,204.5293,221.7391,221.7391,221.7395
0.2300,-0.8781,0.1933,0.4377,0.1488,-0.7591,0.6337,0.4548,0.6216,0.6378,-0.1987,-0.0245,-0.8352,148.9038,-138.1337,-376.8534,-164.8769,-55.6364,10.1381,24.6097,61.5853,-0.3782,-3.3068,-19.0792,114.3384,-93.4615,-2.0538,-148.8636,2.7804,1.2250,56.4071,0.0928,0.1165,26983.7999,-57838.0746,144602.3912,-7.6604,-6.4279,0.0000,-0.3858,-0.3858,0.0000,0.0000,0.1745,0.1745,0.0229,-0.1680,200.7609,192.6903,194.9973,197.4854,212.8418,221.7391,221.7392,221.7402
0.2400,-0.8791,0.1992,0.4331,0.1414,-0.7586,0.6360,0.4553,0.6203,0.6387,-0.1043,-0.0217,-0.6526,93.5862,-138.6895,-376.7547,-164.6286,-55.5047,9.5169,25.1227,61.5683,0.9068,-3.3193,12.9340,-72.3927,57.8825,-0.7200,93.5610,-2.0492,1.2250,56.3423,0.0977,0.1074,19585.1234,-61910.4528,137770.2584,-7.6604,-6.4279,0.0000,-0.5236,-0.5236,0.0000,0.0000,0.1745,0.1745,0.2178,0.0131,204.3379,188.7267,190.6410,192.6627,205.9979,221.7391,221.7391,221.7395
0.2500,-0.8799,0.2042,0.4291,0.1354,-0.7578,0.6383,0.4555,0.6197,0.6391,-0.0464,-0.0173,-0.7090,90.2894,-139.2449,-376.6578,-164.3789,-55.6330,10.1952,24.5479,61.5652,0.4119,-3.3355,-10.7746,68.8084,-57.4585,-1.1206,-90.2767,1.0118,1.2250,56.3941,0.1023,0.1277,13471.0890,-51076.6538,147852.5962,-7.6604,-6.4279,0.0000,-0.5236,-0.5236,0.0000,0.0000,0.1745,0.1745,0.0479,0.0517,207.0843,186.7390,188.8793,191.1421,201.2250,221.7391,221.7391,221.7397
0.2600,-0.8806,0.2088,0.4254,0.1302,-0.7566,0.6408,0.4557,0.6197,0.6390,0.0494,-0.0110,-0.4553,99.5591,-139.8006,-376.5595,-164.1304,-55.5004,9.4202,25.1813,61.5522,1.7817,-3.3594,11.6928,-76.8913,62.1532,0.0933,99.5250,-2.6023,1.2250,56.3376,0.1055,0.1134,5189.3888,-61146.1264,147597.8441,-7.6604,-6.4279,0.0000,-0.5236,-0.5236,0.0000,0.0000,0.1745,0.1745,0.2275,0.1872,207.3555,186.5686,187.9522,189.3869,201.0472,221.7391,221.7391,221.7392
0.2700,-0.8811,0.2121,0.4226,0.1266,-0.7552,0.6431,0.4556,0.6202,0.6386,0.0804,-0.0059,-0.4794,69.5154,-140.3560,-376.4637,-163.8801,-55.6184,10.0383,24.6561,61.5566,1.2316,-3.3713,-8.2384,53.0747,-44.1315,-0.1335,-69.5084,0.9802,1.2250,56.3828,0.1087,0.1302,-3629.0165,-55596.1319,156677.1350,-7.6604,-6.4279,0.0000,-0.3501,-0.3501,0.0000,0.0000,0.1501,0.1501,0.1082,0.1657,207.0447,187.6056,189.0399,190.5315,202.3356,221.7391,221.7391,221.7393
0.2800,-0.8815,0.2149,0.4204,0.1240,-0.7538,0.6453,0.4555,0.6210,0.6379,0.1289,0.0001,-0.2362,89.3142,-140.9116,-376.3669,-163.6305,-55.5065,9.3110,25.2595,61.5504,2.3996,-3.3903,9.6735,-68.6090,56.3583,0.4217,89.2850,-2.2460,1.2250,56.3471,0.1102,0.1149,-13177.9765,-60319.6661,161388.0159,-7.6604,-6.4279,0.0000,-0.5016,-0.5016,0.0000,0.0000,0.1745,0.1745,0.2359,0.3026,208.1989,186.7683,187.4871,188.2199,200.5814,221.7392,221.7391,221.7391
0.2900,-0.8818,0.2166,0.4188,0.1224,-0.7526,0.6470,0.4554,0.6219,0.6371,0.1092,0.0026,-0.2853,63.9221,-141.4671,-376.2718,-163.3796,-55.6225,9.9532,24.7191,61.5597,1.6942,-3.3897,-7.1423,49.2972,-40.0600,0.2001,-63.8941,1.8803,1.2250,56.3891,0.1122,0.1307,-22724.8838,-60545.1454,164276.3575,-7.6604,-6.4279,0.0000,-0.2974,-0.2974,0.0000,0.0000,0.0974,0.0974,0.1214,0.2672,207.8890,187.5886,188.4458,189.3252,201.6461,221.7394,221.7391,221.7392
0.3000,-0.8821,0.2181,0.4175,0.1212,-0.7515,0.6486,0.4552,0.6227,0.6364,0.1132,0.0050,-0.1076,63.4865,-142.0229,-376.1752,-163.1299,-55.5340,9.3816,25.2077,61.5578,2.5663,-3.3941,6.7689,-48.4541,40.4589,0.3566,63.4713,-1.3425,1.2250,56.3670,0.1129,0.1178,-31542.3887,-62886.2202,165416.0454,-7.6604,-6.4279,0.0000,-0.3038,-0.3038,0.0000,0.0000,0.1038,0.1038,0.2415,0.3193,206.8197,188.7323,189.0513,189.3732,204.1716,221.7399,221.7391,221.7391
0.3100,-0.8823,0.2191,0.4166,0.1203,-0.7506,0.6497,0.4550,0.6234,0.6359,0.0614,0.0033,-0.2279,74.4223,-142.5787,-376.0786,-162.8801,-55.6629,10.1685,24.5514,61.5669,1.6207,-3.3787,-7.6912,57.7322,-46.3304,0.1370,-74.3605,3.0276,1.2250,56.4132,0.1147,0.1364,-38715.5773,-62794.1269,163892.1600,-7.6604,-6.4279,0.0000,-0.3233,-0.3233,0.0000,0.0000,0.1233,0.1233,0.0808,0.3158,208.9383,186.8332,187.5268,188.2334,199.8220,221.7392,221.7391,221.7391
0.3200,-0.8825,0.2204,0.4154,0.1190,-0.7499,0.6508,0.4550,0.6238,0.6356,0.0412,0.0019,-0.1318,37.4696,-143.1350,-375.9790,-162.6327,-55.6001,9.7911,24.8883,61.5654,2.2361,-3.3708,3.9846,-28.3401,24.1854,0.2838,37.4653,-0.4929,1.2250,56.3976,0.1157,0.1281,-43429.9915,-65720.8243,159331.1893,-7.6604,-6.4279,0.0000,-0.1488,-0.1488,0.0000,0.0000,-0.0512,-0.0512,0.2256,0.2855,205.8199,189.4598,189.8463,190.2376,205.8982,221.7400,221.7391,221.7391
0.3300,-0.8828,0.2219,0.4141,0.1173,-0.7494,0.6517,0.4550,0.6238,0.6355,-0.0181,-0.0027,-0.3115,79.9468,-143.6916,-375.8777,-162.3867,-55.7367,10.6884,24.1417,61.5714,1.1857,-3.3477,-7.6251,62.1669,-49.6853,-0.0460,-79.8594,3.7363,1.2250,56.4546,0.1183,0.1500,-46439.9800,-62906.1638,156009.0051,-7.6604,-6.4279,0.0000,-0.3941,-0.3941,0.0000,0.0000,0.1745,0.1745,0.0398,0.2811,209.0429,186.1869,187.1434,188.1244,198.9698,221.7392,221.7391,221.7392
0.3400,-0.8831,0.2241,0.4123,0.1146,-0.7489,0.6526,0.4550,0.6236,0.6357,-0.0377,-0.0061,-0.2659,22.1593,-144.2487,-375.7723,-162.1439,-55.6904,10.4313,24.3813,61.5679,1.7147,-3.3371,2.3496,-16.6041,14.4851,0.1764,22.1584,-0.0771,1.2250,56.4408,0.1203,0.1455,-46797.7175,-65029.6085,150782.6673,-7.6604,-6.4279,0.0000,-0.2214,-0.2214,0.0000,0.0000,0.0214,0.0214,0.1784,0.2773,207.5545,186.8465,187.6558,188.4839,201.3257,221.7391,221.7391,221.7392
0.3500,-0.8834,0.2268,0.4101,0.1113,-0.7486,0.6537,0.4552,0.6231,0.6361,-0.0861,-0.0115,-0.4636,74.7119,-144.8062,-375.6643,-161.9032,-55.8209,11.3561,23.6100,61.5699,0.7208,-3.3146,-6.1841,58.1495,-46.5001,-0.4192,-74.6120,3.8391,1.2250,56.5078,0.1241,0.1693,-46146.1103,-60984.9655,148686.6839,-7.6604,-6.4279,0.0000,-0.4622,-0.4622,0.0000,0.0000,0.1745,0.1745,0.0284,0.2098,208.7382,185.3150,186.7544,188.2456,198.3003,221.7403,221.7391,221.7393
0.3600,-0.8838,0.2301,0.4073,0.1070,-0.7481,0.6549,0.4554,0.6224,0.6366,-0.0860,-0.0145,-0.4195,22.1233,-145.3641,-375.5522,-161.6657,-55.7768,11.1140,23.8352,61.5628,1.3249,-3.3094,2.3628,-16.7124,14.3021,-0.1085,22.1219,-0.2210,1.2250,56.4891,0.1271,0.1665,-43735.9794,-61926.6322,146620.3563,-7.6604,-6.4279,0.0000,-0.2856,-0.2856,0.0000,0.0000,0.0856,0.0856,0.1717,0.2091,207.3719,185.8190,187.1128,188.4493,200.3505,221.7397,221.7391,221.7392
0.3700,-0.8843,0.2339,0.4042,0.1022,-0.7476,0.6562,0.4556,0.6216,0.6372,-0.1129,-0.0189,-0.5865,57.2441,-145.9223,-375.4376,-161.4302,-55.8849,11.9607,23.1237,61.5611,0.5191,-3.2941,-3.6089,44.5868,-35.7194,-0.8191,-57.1425,3.3088,1.2250,56.5548,0.1320,0.1895,-40589.8318,-58447.1925,147208.3569,-7.6604,-6.4279,0.0000,-0.4817,-0.4817,0.0000,0.0000,0.1745,0.1745,0.0584,0.1568,208.5253,184.2124,186.0607,187.9902,197.3647,221.7391,221.7391,221.7395
0.3800,-0.8847,0.2380,0.4008,0.0970,-0.7470,0.6577,0.4559,0.6208,0.6378,-0.0866,-0.0202,-0.5036,32.9048,-146.4809,-375.3199,-161.1973,-55.8344,11.6454,23.4063,61.5502,1.2803,-3.2981,3.1666,-25.0606,21.0870,-0.3150,32.8965,-0.6641,1.2250,56.5263,0.1356,0.1857,-36294.5638,-59445.1563,148551.4731,-7.6604,-6.4279,0.0000,-0.3113,-0.3113,0.0000,0.0000,0.1113,0.1113,0.2046,0.1346,205.8981,186.3141,187.8548,189.4573,202.3128,221.7406,221.7391,221.7394
0.3900,-0.8851,0.2422,0.3973,0.0917,-0.7462,0.6593,0.4562,0.6200,0.6383,-0.0866,-0.0228,-0.6159,35.2999,-147.0396,-375.2005,-160.9657,-55.9174,12.3644,22.7959,61.5468,0.6748,-3.2913,-1.3111,27.6194,-21.9439,-0.8672,-35.1992,2.5202,1.2250,56.5822,0.1407,0.2061,-31334.7820,-57071.0058,151795.3368,-7.6604,-6.4279,0.0000,-0.4583,-0.4583,0.0000,0.0000,0.1745,0.1745,0.1156,0.1314,207.8935,183.9744,185.9224,187.9593,197.8173,221.7391,221.7392,221.7396
0.4000,-0.8855,0.2464,0.3938,0.0866,-0.7453,0.6611,0.4564,0.6195,0.6386,-0.0398,-0.0220,-0.4858,45.0717,-147.5985,-375.0792,-160.7357,-55.8642,11.9576,23.1528,61.5346,1.5554,-3.3045,3.5558,-34.3461,28.9683,-0.2038,45.0565,-1.1548,1.2250,56.5480,0.1441,0.2001,-25441.9980,-59002.3155,155395.5137,-7.6604,-6.4279,0.0000,-0.3086,-0.3086,0.0000,0.0000,0.1086,0.1086,0.2495,0.0815,203.7073,188.0962,189.5451,191.0527,206.2745,221.7399,221.7391,221.7393
0.4100,-0.8859,0.2504,0.3906,0.0819,-0.7442,0.6629,0.4567,0.6192,0.6388,-0.0247,-0.0227,-0.5521,17.7827,-148.1574,-374.9572,-160.5063,-55.9308,12.5683,22.6291,61.5324,1.0636,-3.3041,-0.1276,14.1594,-10.7572,-0.5437,-17.6791,1.8377,1.2250,56.5946,0.1488,0.2175,-18973.8196,-57798.6845,159919.5008,-7.6604,-6.4279,0.0000,-0.4242,-0.4242,0.0000,0.0000,0.1745,0.1745,0.1713,0.1251,206.6465,185.0315,186.7535,188.5481,200.2486,221.7404,221.7391,221.7395
0.4200,-0.8861,0.2540,0.3876,0.0778,-0.7431,0.6647,0.4569,0.6192,0.6387,0.0250,-0.0201,-0.3962,50.5285,-148.7165,-374.8341,-160.2777,-55.8830,12.1145,23.0249,61.5220,1.9548,-3.3237,3.1546,-38.4834,32.5915,0.0646,50.5040,-1.5702,1.2250,56.5631,0.1513,0.2096,-11900.2436,-60632.2253,163856.8807,-7.6604,-6.4279,0.0000,-0.3857,-0.3857,0.0000,0.0000,0.1745,0.1745,0.2587,0.1294,204.2887,187.7202,188.9110,190.1407,205.4560,221.7415,221.7391,221.7392
0.4300,-0.8864,0.2572,0.3850,0.0742,-0.7418,0.6665,0.4570,0.6193,0.6384,0.0349,-0.0196,-0.4474,10.2666,-149.2756,-374.7105,-160.0496,-55.9433,12.6824,22.5330,61.5228,1.4557,-3.3261,0.0490,8.3613,-5.9574,-0.1867,-10.1694,1.3972,1.2250,56.6054,0.1553,0.2252,-4690.7276,-60020.6995,167398.8420,-7.6604,-6.4279,0.0000,-0.4055,-0.4055,0.0000,0.0000,0.1745,0.1745,0.2004,0.1417,205.7338,186.2026,187.5772,189.0004,202.4515,221.7392,221.7391,221.7393
0.4400,-0.8865,0.2600,0.3827,0.0713,-0.7405,0.6682,0.4571,0.6197,0.6380,0.0707,-0.0158,-0.2995,46.6417,-149.8348,-374.5862,-159.8221,-55.9063,12.2520,22.9080,61.5153,2.2508,-3.3485,2.2538,-35.6285,30.0162,0.2250,46.6025,-1.8976,1.2250,56.5807,0.1569,0.2170,2345.9512,-63062.0457,169450.7296,-7.6604,-6.4279,0.0000,-0.3888,-0.3888,0.0000,0.0000,0.1745,0.1745,0.2618,0.1637,204.2217,188.1430,189.0394,189.9583,206.0637,221.7400,221.7391,221.7392
0.4500,-0.8867,0.2625,0.3806,0.0686,-0.7393,0.6699,0.4572,0.6201,0.6375,0.0583,-0.0149,-0.3664,11.8894,-150.3942,-374.4611,-159.5953,-55.9657,12.8421,22.3919,61.5182,1.6643,-3.3492,-0.1861,9.5528,-7.0758,-0.0202,-11.8150,1.3275,1.2250,56.6226,0.1604,0.2324,8657.5043,-62278.4525,170316.9227,-7.6604,-6.4279,0.0000,-0.4112,-0.4112,0.0000,0.0000,0.1745,0.1745,0.1993,0.1743,205.8288,186.4126,187.5370,188.6947,202.6507,221.7395,221.7391,221.7392
0.4600,-0.8868,0.2648,0.3786,0.0663,-0.7381,0.6714,0.4573,0.6206,0.6370,0.0704,-0.0112,-0.2499,36.9324,-150.9537,-374.3348,-159.3695,-55.9389,12.4842,22.7053,61.5126,2.3231,-3.3687,1.3861,-28.3047,23.6839,0.2431,36.8856,-1.8433,1.2250,56.6039,0.1617,0.2255,13863.8483,-64801.5070,169598.6099,-7.6604,-6.4279,0.0000,-0.3244,-0.3244,0.0000,0.0000,0.1244,0.1244,0.2618,0.1545,203.1983,189.2981,190.0341,190.7859,208.2687,221.7414,221.7391,221.7392
0.4700,-0.8870,0.2671,0.3767,0.0639,-0.7370,0.6729,0.4573,0.6209,0.6367,0.0361,-0.0115,-0.3468,17.2867,-151.5134,-374.2070,-159.1450,-55.9968,13.1289,22.1400,61.5157,1.6435,-3.3627,-0.3050,13.7248,-10.5057,-0.0221,-17.2036,1.6936,1.2250,56.6485,0.1652,0.2420,17654.0473,-63405.9150,167994.3680,-7.6604,-6.4279,0.0000,-0.4395,-0.4395,0.0000,0.0000,0.1745,0.1745,0.1807,0.1948,206.4182,185.8528,186.9267,188.0315,201.5132,221.7401,221.7391,221.7392
0.4800,-0.8871,0.2693,0.3748,0.0614,-0.7360,0.6742,0.4574,0.6211,0.6364,0.0287,-0.0092,-0.2640,27.3904,-152.0732,-374.0775,-158.9221,-55.9768,12.8494,22.3886,61.5103,2.1999,-3.3759,0.8457,-20.9788,17.5899,0.1926,27.3513,-1.4494,1.2250,56.6333,0.1667,0.2370,19897.3934,-65045.7443,165607.2702,-7.6604,-6.4279,0.0000,-0.3549,-0.3549,0.0000,0.0000,0.1549,0.1549,0.2411,0.1770,204.3488,188.0066,188.7994,189.6096,205.8615,221.7391,221.7391,221.7392
0.4900,-0.8873,0.2717,0.3727,0.0586,-0.7351,0.6754,0.4575,0.6211,0.6363,-0.0145,-0.0112,-0.3842,20.4715,-152.6333,-373.9457,-158.7010,-56.0297,13.5367,21.7867,61.5120,1.4833,-3.3622,-0.0812,16.2869,-12.4020,-0.1241,-20.3539,2.1869,1.2250,56.6818,0.1708,0.2548,20658.0258,-62923.4395,163227.5332,-7.6604,-6.4279,0.0000,-0.4786,-0.4786,0.0000,0.0000,0.1745,0.1745,0.1643,0.1858,206.7599,185.1551,186.3569,187.5962,200.4333,221.7399,221.7391,221.7393
0.5000,-0.8874,0.2743,0.3704,0.0554,-0.7343,0.6766,0.4576,0.6209,0.6364,-0.0243,-0.0102,-0.3203,22.6696,-153.1934,-373.8118,-158.4818,-56.0127,13.3044,21.9976,61.5055,2.0101,-3.3708,0.6644,-17.2808,14.6575,0.0990,22.6428,-1.0979,1.2250,56.6675,0.1728,0.2514,20031.6566,-63974.0302,161043.0557,-7.6604,-6.4279,0.0000,-0.3936,-0.3936,0.0000,0.0000,0.1745,0.1745,0.2272,0.1653,204.8507,187.0145,187.9899,188.9906,204.3241,221.7409,221.7391,221.7392
0.5100,-0.8876,0.2772,0.3679,0.0518,-0.7335,0.6777,0.4577,0.6205,0.6367,-0.0620,-0.0132,-0.4440,18.3179,-153.7538,-373.6755,-158.2648,-56.0569,13.9937,21.3938,61.5051,1.3297,-3.3535,0.3867,14.7172,-10.8996,-0.2734,-18.1619,2.3698,1.2250,56.7182,0.1776,0.2698,18269.4555,-61593.0453,159683.8227,-7.6604,-6.4279,0.0000,-0.5118,-0.5118,0.0000,0.0000,0.1745,0.1745,0.1641,0.1536,206.5527,184.7536,186.1499,187.5931,200.2091,221.7395,221.7391,221.7393
0.5200,-0.8877,0.2803,0.3652,0.0479,-0.7328,0.6788,0.4579,0.6201,0.6371,-0.0605,-0.0124,-0.3778,23.9412,-154.3143,-373.5370,-158.0495,-56.0407,13.7634,21.6046,61.4969,1.8927,-3.3617,0.6731,-18.1745,15.5697,-0.0042,23.9185,-1.0421,1.2250,56.7018,0.1801,0.2670,15468.1574,-62572.5888,158956.5197,-7.6604,-6.4279,0.0000,-0.4235,-0.4235,0.0000,0.0000,0.1745,0.1745,0.2308,0.1293,204.4650,186.7866,187.9407,189.1313,204.4335,221.7403,221.7391,221.7393
0.5300,-0.8879,0.2835,0.3624,0.0437,-0.7320,0.6799,0.4580,0.6195,0.6376,-0.0823,-0.0151,-0.4868,11.6065,-154.8749,-373.3961,-157.8363,-56.0747,14.4160,21.0304,61.4948,1.2927,-3.3457,0.8044,9.5515,-6.5446,-0.3778,-11.4063,2.1127,1.2250,56.7511,0.1853,0.2850,11869.3626,-60388.2048,159215.0847,-7.6604,-6.4279,0.0000,-0.5236,-0.5236,0.0000,0.0000,0.1745,0.1745,0.1811,0.1151,205.8362,184.8698,186.3976,187.9835,201.0453,221.7394,221.7392,221.7394
0.5400,-0.8880,0.2868,0.3595,0.0395,-0.7312,0.6810,0.4582,0.6189,0.6380,-0.0646,-0.0136,-0.4045,28.7340,-155.4356,-373.2536,-157.6245,-56.0600,14.1570,21.2654,61.4852,1.9151,-3.3572,0.5897,-21.7915,18.7196,-0.0444,28.7057,-1.2732,1.2250,56.7316,0.1880,0.2818,7535.5180,-61699.9640,159962.8488,-7.6604,-6.4279,0.0000,-0.4344,-0.4344,0.0000,0.0000,0.1745,0.1745,0.2480,0.0883,203.4207,187.3405,188.5660,189.8318,205.9896,221.7403,221.7391,221.7393
0.5500,-0.8881,0.2902,0.3565,0.0351,-0.7304,0.6821,0.4583,0.6183,0.6384,-0.0708,-0.0153,-0.4916,3.8467,-155.9963,-373.1090,-157.4146,-56.0856,14.7576,20.7328,61.4825,1.3922,-3.3447,0.9585,3.4405,-1.4287,-0.3621,-3.4538,1.6545,1.2250,56.7773,0.1933,0.2987,2686.8010,-59991.2967,161298.6595,-7.6604,-6.4279,0.0000,-0.5236,-0.5236,0.0000,0.0000,0.1745,0.1745,0.2060,0.0825,204.7583,185.5662,187.0937,188.6790,202.8391,221.7396,221.7392,221.7394
0.5600,-0.8882,0.2935,0.3536,0.0310,-0.7295,0.6833,0.4585,0.6179,0.6388,-0.0418,-0.0126,-0.3925,33.2397,-156.5571,-372.9631,-157.2057,-56.0743,14.4678,20.9940,61.4727,2.0521,-3.3596,0.3356,-25.1520,21.7289,0.0043,33.2056,-1.5068,1.2250,56.7563,0.1958,0.2946,-2544.2200,-61862.5335,162469.6593,-7.6604,-6.4279,0.0000,-0.4378,-0.4378,0.0000,0.0000,0.1745,0.1745,0.2618,0.0576,202.1871,188.3208,189.4935,190.7045,208.1584,221.7410,221.7391,221.7393
0.5700,-0.8882,0.2967,0.3507,0.0270,-0.7285,0.6845,0.4586,0.6175,0.6390,-0.0406,-0.0136,-0.4633,2.6271,-157.1180,-372.8155,-156.9983,-56.0936,15.0285,20.4930,61.4706,1.5676,-3.3491,0.9036,-0.8761,2.3060,-0.2537,2.2411,1.3471,1.2250,56.7988,0.2010,0.3104,-7877.3767,-60521.6452,163594.2613,-7.6604,-6.4279,0.0000,-0.5236,-0.5236,0.0000,0.0000,0.1745,0.1745,0.2289,0.0614,203.6237,186.5497,187.9698,189.4418,204.9683,221.7402,221.7392,221.7394
0.5800,-0.8883,0.2997,0.3480,0.0233,-0.7274,0.6858,0.4587,0.6173,0.6392,-0.0097,-0.0106,-0.3571,34.7242,-157.6789,-372.6670,-156.7918,-56.0865,14.7284,20.7641,61.4615,2.2211,-3.3650,0.0329,-26.1474,22.8491,0.0865,34.6908,-1.5208,1.2250,56.7787,0.2032,0.3057,-13033.3756,-62645.5484,163904.2022,-7.6604,-6.4279,0.0000,-0.4459,-0.4459,0.0000,0.0000,0.1745,0.1745,0.2618,0.0441,201.2635,189.1707,190.2254,191.3122,209.9091,221.7391,221.7391,221.7393
0.5900,-0.8883,0.3027,0.3454,0.0197,-0.7263,0.6871,0.4588,0.6171,0.6392,-0.0109,-0.0119,-0.4240,4.3618,-158.2398,-372.5168,-156.5868,-56.1003,15.2763,20.2733,61.4604,1.7298,-3.3532,0.8469,-2.1825,3.6804,-0.1417,4.1306,1.3943,1.2250,56.8199,0.2081,0.3207,-17705.0315,-61267.4486,163673.7645,-7.6604,-6.4279,0.0000,-0.5236,-0.5236,0.0000,0.0000,0.1745,0.1745,0.2395,0.0561,202.9367,187.2062,188.4947,189.8270,206.3321,221.7415,221.7392,221.7394
0.6000,-0.8883,0.3054,0.3429,0.0164,-0.7252,0.6884,0.4589,0.6171,0.6392,0.0143,-0.0096,-0.3230,32.8040,-158.8008,-372.3658,-156.3825,-56.0966,14.9923,20.5333,61.4524,2.3405,-3.3673,-0.1714,-24.5149,21.7966,0.1403,32.7789,-1.2757,1.2250,56.8023,0.2101,0.3160,-21570.2951,-63144.6902,162453.9984,-7.6604,-6.4279,0.0000,-0.4534,-0.4534,0.0000,0.0000,0.1745,0.1745,0.2618,0.0465,200.9148,189.4836,190.4342,191.4111,210.5944,221.7391,221.7391,221.7392
0.6100,-0.8883,0.3081,0.3405,0.0132,-0.7240,0.6897,0.4590,0.6171,0.6391,0.0055,-0.0122,-0.3968,3.4428,-159.3619,-372.2128,-156.1799,-56.1042,15.5509,20.0336,61.4518,1.8166,-3.3520,0.8961,-1.1413,3.1220,-0.0847,2.9913,1.7023,1.2250,56.8437,0.2150,0.3311,-24452.4274,-61310.0813,160760.9209,-7.6604,-6.4279,0.0000,-0.5236,-0.5236,0.0000,0.0000,0.1745,0.1745,0.2400,0.0572,202.6276,187.4293,188.6324,189.8740,206.8910,221.7391,221.7392,221.7393
0.6200,-0.8883,0.3107,0.3382,0.0102,-0.7228,0.6909,0.4591,0.6172,0.6390,0.0225,-0.0111,-0.3084,29.0860,-159.9229,-372.0588,-155.9781,-56.1022,15.2983,20.2697,61.4443,2.3748,-3.3637,-0.2606,-21.5387,19.5451,0.1487,29.0709,-0.9252,1.2250,56.8286,0.2169,0.3268,-26186.4560,-62618.3795,158590.5073,-7.6604,-6.4279,0.0000,-0.4597,-0.4597,0.0000,0.0000,0.1745,0.1745,0.2618,0.0516,200.9053,189.3453,190.2557,191.1900,210.5028,221.7391,221.7391,221.7392
0.6300,-0.8883,0.3134,0.3358,0.0070,-0.7217,0.6922,0.4592,0.6172,0.6388,0.0061,-0.0150,-0.3928,2.2053,-160.4840,-371.9026,-155.7783,-56.1032,15.8755,19.7537,61.4434,1.8213,-3.3455,0.9926,0.4902,1.9074,-0.0877,0.9735,1.9769,1.2250,56.8713,0.2219,0.3422,-26807.6039,-60259.6790,156491.9645,-7.6604,-6.4279,0.0000,-0.5236,-0.5236,0.0000,0.0000,0.1745,0.1745,0.2367,0.0526,202.4118,187.3958,188.5883,189.8186,207.0837,221.7391,221.7392,221.7393
0.6400,-0.8882,0.3160,0.3334,0.0040,-0.7205,0.6935,0.4594,0.6173,0.6387,0.0172,-0.0147,-0.3166,25.8073,-161.0450,-371.7452,-155.5795,-56.1025,15.6521,19.9657,61.4357,2.3433,-3.3572,-0.3556,-19.0156,17.4441,0.1237,25.7958,-0.7599,1.2250,56.8576,0.2240,0.3387,-26337.3601,-61133.4728,154678.8199,-7.6604,-6.4279,0.0000,-0.4636,-0.4636,0.0000,0.0000,0.1745,0.1745,0.2618,0.0474,200.8584,189.0791,190.0177,190.9815,210.2916,221.7391,221.7391,221.7392
0.6500,-0.8882,0.3188,0.3310,0.0007,-0.7193,0.6947,0.4595,0.6172,0.6386,-0.0029,-0.0190,-0.4079,1.9579,-161.6060,-371.5854,-155.3828,-56.0973,16.2390,19.4383,61.4340,1.7830,-3.3395,1.0115,1.0966,1.2679,-0.1292,0.0928,1.9514,1.2250,56.9014,0.2293,0.3544,-24918.9204,-58577.6921,153458.0308,-7.6604,-6.4279,0.0000,-0.5236,-0.5236,0.0000,0.0000,0.1745,0.1745,0.2352,0.0380,202.0782,187.3378,188.5778,189.8583,207.3425,221.7391,221.7392,221.7394
0.6600,-0.8881,0.3215,0.3285,-0.0025,-0.7181,0.6959,0.4597,0.6172,0.6386,0.0064,-0.0183,-0.3375,24.4423,-162.1670,-371.4243,-155.1872,-56.0989,16.0300,19.6361,61.4255,2.2964,-3.3544,-0.5530,-18.0725,16.4471,0.0838,24.4254,-0.9064,1.2250,56.8877,0.2315,0.3514,-22639.0253,-59458.5814,153011.2642,-7.6604,-6.4279,0.0000,-0.4640,-0.4640,0.0000,0.0000,0.1745,0.1745,0.2618,0.0314,200.5592,188.9630,189.9659,190.9971,210.4422,221.7391,221.7391,221.7393
0.6700,-0.8880,0.3245,0.3259,-0.0061,-0.7169,0.6972,0.4598,0.6171,0.6386,-0.0135,-0.0218,-0.4286,2.0147,-162.7280,-371.2607,-154.9939,-56.0885,16.6108,19.1087,61.4227,1.7545,-3.3400,0.9018,0.1137,1.7980,-0.1779,1.1665,1.6330,1.2250,56.9315,0.2371,0.3672,-19632.6820,-57162.4505,153296.6594,-7.6604,-6.4279,0.0000,-0.5236,-0.5236,0.0000,0.0000,0.1745,0.1745,0.2365,0.0181,201.6436,187.3546,188.6575,190.0052,207.7605,221.7391,221.7392,221.7394
0.6800,-0.8879,0.3274,0.3233,-0.0096,-0.7157,0.6984,0.4600,0.6170,0.6385,-0.0030,-0.0200,-0.3569,25.0678,-163.2889,-371.0959,-154.8016,-56.0932,16.4002,19.3050,61.4134,2.2807,-3.3596,-0.8515,-18.6622,16.7151,0.0512,25.0375,-1.2324,1.2250,56.9169,0.2394,0.3644,-15981.6454,-58452.1148,154378.8126,-7.6604,-6.4279,0.0000,-0.4601,-0.4601,0.0000,0.0000,0.1745,0.1745,0.2618,0.0093,200.0294,189.0902,190.1486,191.2389,211.0389,221.7391,221.7392,221.7393
0.6900,-0.8877,0.3304,0.3206,-0.0133,-0.7144,0.6996,0.4602,0.6168,0.6386,-0.0208,-0.0224,-0.4419,3.8783,-163.8498,-370.9286,-154.6116,-56.0783,16.9628,18.7881,61.4098,1.7701,-3.3483,0.7092,-1.9099,3.3001,-0.2027,3.6638,1.2559,1.2250,56.9597,0.2452,0.3799,-11814.1602,-56696.9632,155898.2576,-7.6604,-6.4279,0.0000,-0.5236,-0.5236,0.0000,0.0000,0.1745,0.1745,0.2438,-0.0048,200.9979,187.6350,188.9729,190.3584,208.6352,221.7391,221.7392,221.7395
0.7000,-0.8875,0.3334,0.3179,-0.0169,-0.7132,0.7008,0.4604,0.6166,0.6386,-0.0084,-0.0195,-0.3646,26.6542,-164.4106,-370.7603,-154.4225,-56.0867,16.7425,18.9910,61.4001,2.3147,-3.3711,-1.1769,-19.8874,17.7075,0.0437,26.6122,-1.4961,1.2250,56.9441,0.2475,0.3770,-7240.6605,-58536.0068,157805.5666,-7.6604,-6.4279,0.0000,-0.4574,-0.4574,0.0000,0.0000,0.1745,0.1745,0.2618,-0.0135,199.3378,189.4578,190.5338,191.6430,212.0222,221.7391,221.7392,221.7393
0.7100,-0.8874,0.3365,0.3152,-0.0207,-0.7119,0.7019,0.4606,0.6164,0.6387,-0.0239,-0.0212,-0.4419,6.4393,-164.9714,-370.5896,-154.2356,-56.0674,17.2845,18.4887,61.3962,1.8322,-3.3607,0.5105,-3.9549,5.0559,-0.1905,6.3540,1.0267,1.2250,56.9855,0.2533,0.3921,-2459.7828,-57288.1549,159548.5958,-7.6604,-6.4279,0.0000,-0.5236,-0.5236,0.0000,0.0000,0.1745,0.1745,0.2545,-0.0259,200.2584,188.1002,189.4294,190.8064,209.7822,221.7391,221.7392,221.7395
0.7200,-0.8872,0.3394,0.3125,-0.0243,-0.7107,0.7031,0.4607,0.6162,0.6388,-0.0104,-0.0178,-0.3596,27.9255,-165.5321,-370.4181,-154.0495,-56.0790,17.0566,18.6990,61.3864,2.3861,-3.3839,-1.4406,-20.7448,18.6389,0.0609,27.8829,-1.5408,1.2250,56.9695,0.2556,0.3889,2334.2445,-59480.7181,161052.1805,-7.6604,-6.4279,0.0000,-0.4580,-0.4580,0.0000,0.0000,0.1745,0.1745,0.2618,-0.0320,198.6435,189.9139,190.9685,192.0556,213.1009,221.7391,221.7392,221.7393
0.7300,-0.8870,0.3425,0.3097,-0.0280,-0.7094,0.7042,0.4609,0.6160,0.6389,-0.0243,-0.0196,-0.4314,8.2357,-166.0928,-370.2443,-153.8655,-56.0548,17.5840,18.2082,61.3826,1.9178,-3.3722,0.3724,-5.2293,6.3515,-0.1540,8.1722,1.0083,1.2250,57.0098,0.2615,0.4037,6850.8762,-58415.7391,161792.7104,-7.6604,-6.4279,0.0000,-0.5236,-0.5236,0.0000,0.0000,0.1745,0.1745,0.2618,-0.0414,199.5854,188.5654,189.8549,191.1903,210.8679,221.7391,221.7392,221.7395
0.7400,-0.8868,0.3453,0.3071,-0.0315,-0.7082,0.7053,0.4611,0.6158,0.6389,-0.0106,-0.0165,-0.3475,28.1354,-166.6534,-370.0698,-153.6822,-56.0685,17.3562,18.4209,61.3730,2.4665,-3.3937,-1.6086,-20.7343,18.9500,0.0869,28.1004,-1.4019,1.2250,56.9943,0.2636,0.4004,10854.6465,-60539.5894,161861.9879,-7.6604,-6.4279,0.0000,-0.4611,-0.4611,0.0000,0.0000,0.1745,0.1745,0.2618,-0.0440,198.0818,190.2848,191.2989,192.3435,213.9837,221.7391,221.7392,221.7393
0.7500,-0.8866,0.3482,0.3044,-0.0351,-0.7070,0.7064,0.4612,0.6156,0.6390,-0.0237,-0.0189,-0.4178,8.8394,-167.2139,-369.8930,-153.5010,-56.0388,17.8780,17.9348,61.3695,1.9980,-3.3797,0.3026,-5.5632,6.8626,-0.1164,8.7699,1.1005,1.2250,57.0342,0.2696,0.4149,14083.0101,-59225.9986,161003.7386,-7.6604,-6.4279,0.0000,-0.5236,-0.5236,0.0000,0.0000,0.1745,0.1745,0.2618,-0.0517,199.0593,188.9047,190.1483,191.4350,211.6998,221.7391,221.7392,221.7394
0.7600,-0.8864,0.3510,0.3019,-0.0385,-0.7058,0.7074,0.4614,0.6154,0.6391,-0.0103,-0.0163,-0.3360,27.3179,-167.7744,-369.7155,-153.3205,-56.0542,17.6577,18.1432,61.3602,2.5308,-3.3996,-1.7252,-19.9963,18.5321,0.1061,27.2887,-1.2576,1.2250,57.0197,0.2717,0.4117,16401.9409,-60899.0077,159583.7026,-7.6604,-6.4279,0.0000,-0.4648,-0.4648,0.0000,0.0000,0.1745,0.1745,0.2618,-0.0515,197.6785,190.4961,191.4741,192.4807,214.5715,221.7391,221.7392,221.7393
0.7700,-0.8861,0.3538,0.2993,-0.0421,-0.7045,0.7084,0.4615,0.6152,0.6392,-0.0230,-0.0191,-0.4080,8.5690,-168.3348,-369.5357,-153.1421,-56.0188,18.1799,17.6552,61.3568,2.0544,-3.3842,0.2384,-5.3350,6.7014,-0.0933,8.4961,1.1117,1.2250,57.0595,0.2777,0.4261,17720.1884,-59084.0704,157614.2158,-7.6604,-6.4279,0.0000,-0.5236,-0.5236,0.0000,0.0000,0.1745,0.1745,0.2618,-0.0598,198.6569,189.1007,190.3122,191.5648,212.2761,221.7391,221.7392,221.7394
0.7800,-0.8859,0.3565,0.2968,-0.0454,-0.7033,0.7094,0.4617,0.6150,0.6393,-0.0101,-0.0165,-0.3301,26.0224,-168.8950,-369.3551,-152.9644,-56.0358,17.9700,17.8547,61.3476,2.5688,-3.4041,-1.8552,-19.0095,17.6738,0.1124,25.9922,-1.2489,1.2250,57.0458,0.2798,0.4232,18064.1940,-60232.6509,155565.8204,-7.6604,-6.4279,0.0000,-0.4678,-0.4678,0.0000,0.0000,0.1745,0.1745,0.2618,-0.0583,197.3661,190.5863,191.5466,192.5344,214.9512,221.7391,221.7392,221.7393
0.7900,-0.8856,0.3593,0.2942,-0.0489,-0.7021,0.7104,0.4618,0.6148,0.6394,-0.0226,-0.0192,-0.4047,8.0593,-169.4552,-369.1721,-152.7890,-55.9953,18.4936,17.3618,61.3440,2.0854,-3.3890,0.1349,-5.0518,6.2780,-0.0876,8.0001,0.9706,1.2250,57.0857,0.2859,0.4376,17507.1951,-57991.8226,153524.1148,-7.6604,-6.4279,0.0000,-0.5236,-0.5236,0.0000,0.0000,0.1745,0.1745,0.2618,-0.0691,198.2988,189.2193,190.4197,191.6607,212.7239,221.7391,221.7392,221.7394
0.8000,-0.8854,0.3620,0.2917,-0.0522,-0.7009,0.7114,0.4620,0.6146,0.6394,-0.0102,-0.0162,-0.3307,24.8707,-170.0152,-368.9883,-152.6143,-56.0142,18.2927,17.5518,61.3349,2.5861,-3.4101,-2.0251,-18.2097,16.8184,0.1080,24.8326,-1.3729,1.2250,57.0724,0.2880,0.4348,16154.8601,-58864.4344,151839.2283,-7.6604,-6.4279,0.0000,-0.4694,-0.4694,0.0000,0.0000,0.1745,0.1745,0.2618,-0.0676,197.0621,190.6453,191.6069,192.5962,215.2833,221.7391,221.7392,221.7393
0.8100,-0.8851,0.3648,0.2891,-0.0557,-0.6996,0.7123,0.4621,0.6144,0.6395,-0.0225,-0.0183,-0.4070,7.8506,-170.5751,-368.8021,-152.4420,-55.9691,18.8154,17.0551,61.3309,2.1017,-3.3958,-0.0036,-5.0374,6.0213,-0.0937,7.8137,0.7545,1.2250,57.1124,0.2943,0.4493,14145.3175,-56501.2072,150524.6926,-7.6604,-6.4279,0.0000,-0.5236,-0.5236,0.0000,0.0000,0.1745,0.1745,0.2618,-0.0812,197.9191,189.3436,190.5490,191.7954,213.1873,221.7391,221.7392,221.7395
0.8200,-0.8848,0.3674,0.2866,-0.0590,-0.6984,0.7133,0.4622,0.6142,0.6396,-0.0104,-0.0148,-0.3353,24.2207,-171.1349,-368.6150,-152.2704,-55.9901,18.6200,17.2385,61.3216,2.5962,-3.4179,-2.2028,-17.7621,16.3186,0.0988,24.1746,-1.4902,1.2250,57.0992,0.2964,0.4466,11578.0230,-57481.7035,149703.2096,-7.6604,-6.4279,0.0000,-0.4797,-0.4797,0.0000,0.0000,0.1745,0.1745,0.2618,-0.0721,196.9724,190.4872,191.4645,192.4701,215.2173,221.7391,221.7392,221.7393
0.8300,-0.8845,0.3703,0.2839,-0.0626,-0.6971,0.7143,0.4624,0.6140,0.6397,-0.0224,-0.0166,-0.4114,8.1531,-171.6945,-368.4255,-152.1012,-55.9403,19.1386,16.7415,61.3173,2.1175,-3.4035,-0.1303,-5.3225,6.1747,-0.1027,8.1287,0.6220,1.2250,57.1390,0.3029,0.4610,8596.8139,-55304.6073,149291.6092,-7.6604,-6.4279,0.0000,-0.5236,-0.5236,0.0000,0.0000,0.1745,0.1745,0.2618,-0.0879,197.7451,189.2602,190.4804,191.7425,213.2686,221.7391,221.7392,221.7395
0.8400,-0.8842,0.3730,0.2813,-0.0659,-0.6958,0.7152,0.4625,0.6138,0.6398,-0.0100,-0.0130,-0.3401,24.0593,-172.2541,-368.2352,-151.9328,-55.9630,18.9461,16.9229,61.3078,2.6115,-3.4249,-2.3360,-17.5679,16.2715,0.0906,24.0152,-1.4534,1.2250,57.1258,0.3051,0.4585,5291.3117,-56656.4426,149202.4172,-7.6604,-6.4279,0.0000,-0.4860,-0.4860,0.0000,0.0000,0.1745,0.1745,0.2618,-0.0737,196.9485,190.2603,191.2553,192.2793,215.0293,221.7391,221.7392,221.7394
0.8500,-0.8838,0.3758,0.2786,-0.0696,-0.6944,0.7162,0.4626,0.6136,0.6399,-0.0215,-0.0152,-0.4147,8.8338,-172.8134,-368.0424,-151.7668,-55.9081,19.4588,16.4296,61.3032,2.1421,-3.4086,-0.2081,-5.7464,6.7060,-0.1076,8.8078,0.6690,1.2250,57.1654,0.3118,0.4727,1814.6957,-54782.2628,149297.5191,-7.6604,-6.4279,0.0000,-0.5236,-0.5236,0.0000,0.0000,0.1745,0.1745,0.2618,-0.0907,197.6471,189.0942,190.3276,191.6034,213.2076,221.7391,221.7392,221.7395
0.8600,-0.8835,0.3785,0.2760,-0.0729,-0.6931,0.7171,0.4627,0.6135,0.6400,-0.0087,-0.0122,-0.3427,24.1607,-173.3726,-367.8489,-151.6015,-55.9319,19.2679,16.6124,61.2934,2.6379,-3.4277,-2.4101,-17.4508,16.5348,0.0873,24.1288,-1.2386,1.2250,57.1522,0.3140,0.4701,-1712.5743,-56508.8911,149364.4470,-7.6604,-6.4279,0.0000,-0.4884,-0.4884,0.0000,0.0000,0.1745,0.1745,0.2618,-0.0740,196.9074,190.0370,191.0433,192.0789,214.8647,221.7391,221.7392,221.7394
